Population\_4Prey
GeneticAlgorithm\_4Prey
0.7
0.1
1
30
0
0
1
2
0
map 3
0 0.75
1 2
2 1
map 1
0 2
not-ownsdata
2
1818
vector 1818 0.356559 0.368212 0.296116 0.312287 0.383675 0.385043 0.275539 0.316255 0.305401 0.284951 0.290092 0.30502 0.293042 0.237084 0.200598 0.230864 0.223823 0.218071 0.245801 0.239975 0.262462 0.205714 0.204802 0.181659 0.173213 0.163334 0.169766 0.176105 0.181624 0.180321 0.189903 0.197749 0.177574 0.221744 0.17391 0.203782 0.209745 0.187972 0.169681 0.196148 0.15966 0.184158 0.153977 0.160237 0.185212 0.182306 0.157131 0.175043 0.17254 0.21235 0.15788 0.169477 0.227861 0.229112 0.234407 0.288597 0.246237 0.244305 0.215708 0.24647 0.23744 0.280125 0.275448 0.284214 0.289455 0.25165 0.252872 0.221858 0.231055 0.19983 0.230313 0.20277 0.221199 0.253673 0.207858 0.190774 0.230004 0.195207 0.216354 0.25127 0.184243 0.212369 0.226864 0.218974 0.242337 0.245503 0.229116 0.229002 0.238893 0.223636 0.202649 0.213837 0.22717 0.233321 0.238687 0.245134 0.24891 0.268415 0.277924 0.275163 0.274323 0.255157 0.254111 0.263831 0.273134 0.285735 0.293986 0.293682 0.339016 0.257843 0.301631 0.345651 0.302468 0.332655 0.349924 0.285674 0.366244 0.340868 0.305811 0.345929 0.320072 0.330126 0.312241 0.305116 0.33296 0.278636 0.289807 0.296194 0.266417 0.275175 0.289698 0.318294 0.300439 0.305518 0.256495 0.245358 0.272164 0.269679 0.302492 0.276827 0.293962 0.285886 0.307272 0.265003 0.292519 0.266272 0.233817 0.288046 0.308423 0.288386 0.295692 0.267157 0.276346 0.2846 0.290889 0.274775 0.277166 0.337878 0.275657 0.280788 0.311863 0.350649 0.278803 0.284603 0.290982 0.316228 0.328076 0.345755 0.317076 0.263872 0.342729 0.262081 0.252678 0.289041 0.278869 0.29289 0.270558 0.321537 0.263078 0.26884 0.26261 0.264741 0.260593 0.292765 0.348498 0.327833 0.332549 0.323864 0.318688 0.315583 0.270302 0.276485 0.289527 0.386997 0.325999 0.340153 0.27701 0.307365 0.285026 0.295497 0.314674 0.25459 0.29772 0.274037 0.258603 0.289931 0.287495 0.312188 0.290786 0.3146 0.299103 0.31837 0.331208 0.32873 0.289515 0.324782 0.27863 0.297034 0.317881 0.36224 0.371282 0.333253 0.397334 0.382295 0.342611 0.374486 0.361042 0.38989 0.362867 0.338079 0.305616 0.341435 0.353734 0.349644 0.340755 0.388273 0.300104 0.336035 0.355184 0.340112 0.300379 0.332633 0.35581 0.331731 0.366884 0.341303 0.375387 0.386372 0.396342 0.439985 0.395618 0.403761 0.344273 0.38868 0.437529 0.411351 0.457665 0.446509 0.44347 0.493405 0.497798 0.421348 0.494824 0.436257 0.450778 0.506593 0.443841 0.441351 0.444101 0.469041 0.433605 0.404346 0.429289 0.466361 0.430801 0.426764 0.457913 0.466844 0.404617 0.43838 0.465008 0.444045 0.437999 0.485261 0.461791 0.533933 0.46413 0.451207 0.459049 0.49553 0.416083 0.446803 0.422184 0.413549 0.410384 0.39045 0.484717 0.456183 0.399864 0.428422 0.41859 0.433559 0.43257 0.420365 0.470845 0.472071 0.439178 0.429572 0.370751 0.476483 0.395397 0.384383 0.403192 0.378036 0.398313 0.381823 0.376952 0.37667 0.468037 0.408701 0.409814 0.45583 0.418786 0.419724 0.39261 0.427917 0.451087 0.466402 0.383746 0.400849 0.390574 0.505661 0.430299 0.491049 0.483964 0.469659 0.409212 0.437796 0.403598 0.490139 0.451079 0.450575 0.431228 0.444456 0.429985 0.441138 0.422447 0.472642 0.361933 0.427098 0.410243 0.417479 0.466835 0.45502 0.4439 0.415863 0.471942 0.52939 0.421676 0.430692 0.4875 0.497146 0.496807 0.561456 0.524803 0.495059 0.613073 0.462708 0.526855 0.526564 0.546468 0.515175 0.462911 0.493437 0.490206 0.443586 0.382833 0.481901 0.454705 0.472948 0.451287 0.494738 0.446845 0.463458 0.541387 0.465052 0.552948 0.450149 0.488988 0.53223 0.497938 0.489819 0.494132 0.426984 0.490775 0.493987 0.539952 0.479845 0.578472 0.546722 0.563505 0.568791 0.524421 0.571722 0.6175 0.629167 0.631071 0.516064 0.634833 0.595 0.644341 0.622476 0.704235 0.642849 0.659087 0.659929 0.572 0.636921 0.65681 0.558929 0.602012 0.593849 0.54577 0.562648 0.529786 0.519837 0.536564 0.621603 0.522339 0.546406 0.57956 0.557667 0.52896 0.475956 0.541763 0.512004 0.514667 0.557393 0.547081 0.505803 0.467701 0.533837 0.562738 0.630381 0.528082 0.596508 0.515749 0.572626 0.57637 0.605675 0.534944 0.684778 0.555444 0.619778 0.720611 0.652778 0.631389 0.679222 0.613556 0.693706 0.623331 0.589278 0.606854 0.593667 0.630175 0.699714 0.572476 0.507102 0.577656 0.541066 0.623675 0.6155 0.54998 0.471679 0.608317 0.531496 0.548002 0.485151 0.526577 0.532698 0.516394 0.458717 0.54672 0.505425 0.390549 0.424008 0.483086 0.464421 0.449677 0.50723 0.460047 0.468708 0.443384 0.409725 0.47156 0.503951 0.438016 0.378756 0.475255 0.524952 0.473075 0.448339 0.445222 0.431641 0.374683 0.347121 0.363598 0.426031 0.412459 0.440325 0.479934 0.498352 0.534825 0.510427 0.477068 0.551984 0.560881 0.531632 0.544258 0.619233 0.602833 0.566611 0.561123 0.586389 0.535548 0.55304 0.524607 0.510119 0.422437 0.504231 0.541972 0.516639 0.562587 0.528738 0.586103 0.632231 0.55604 0.632585 0.60773 0.584905 0.61109 0.594873 0.532222 0.530762 0.571072 0.575575 0.536205 0.48547 0.551972 0.528159 0.567683 0.572172 0.438225 0.497369 0.625374 0.487549 0.492143 0.531267 0.518537 0.47858 0.528012 0.452599 0.505048 0.520597 0.570814 0.580655 0.524294 0.532012 0.598175 0.569391 0.502316 0.542757 0.611976 0.569294 0.615087 0.567627 0.587012 0.557095 0.508662 0.464867 0.493679 0.546386 0.40284 0.422835 0.47285 0.382938 0.465747 0.416889 0.447977 0.372599 0.407109 0.355112 0.405626 0.408742 0.392173 0.436504 0.44788 0.41081 0.417736 0.465999 0.430032 0.461024 0.45041 0.396094 0.492979 0.465726 0.432942 0.405353 0.463315 0.431852 0.486033 0.472344 0.427533 0.492971 0.430969 0.504495 0.550882 0.526984 0.568071 0.550351 0.584667 0.442954 0.538881 0.533972 0.487599 0.494016 0.469036 0.48884 0.413873 0.447894 0.414706 0.522333 0.499066 0.455267 0.477746 0.429242 0.48805 0.47139 0.480623 0.445606 0.453078 0.502426 0.513984 0.390206 0.463742 0.441926 0.469223 0.505831 0.35774 0.4336 0.408287 0.425156 0.480124 0.45865 0.49059 0.442176 0.48279 0.498233 0.505484 0.397491 0.425939 0.394944 0.46688 0.422011 0.373771 0.451003 0.445907 0.402842 0.425653 0.446876 0.419124 0.448738 0.446492 0.489545 0.512082 0.512576 0.471165 0.440676 0.496191 0.538464 0.492073 0.501775 0.52978 0.529394 0.508946 0.529294 0.526877 0.593421 0.579737 0.582278 0.54379 0.56104 0.562438 0.551386 0.620357 0.597458 0.589254 0.489833 0.520956 0.542868 0.53972 0.514198 0.452597 0.487492 0.476127 0.514385 0.492821 0.389398 0.54157 0.55781 0.588693 0.562901 0.528656 0.52371 0.48928 0.517083 0.503993 0.487622 0.560966 0.536866 0.477179 0.50339 0.475009 0.470536 0.432569 0.441429 0.438192 0.409385 0.496398 0.502726 0.435606 0.473688 0.486549 0.473634 0.489081 0.456342 0.470902 0.424058 0.472732 0.432187 0.513627 0.436103 0.472255 0.512601 0.463643 0.488466 0.521456 0.483193 0.558525 0.435524 0.524764 0.469402 0.506496 0.472837 0.517853 0.475427 0.535853 0.424368 0.487733 0.477839 0.376508 0.485242 0.470623 0.434155 0.491877 0.519968 0.520623 0.474294 0.517351 0.510683 0.584024 0.473475 0.473913 0.496242 0.543382 0.543129 0.489033 0.502034 0.543341 0.479161 0.404869 0.533504 0.451785 0.474222 0.475758 0.459803 0.448737 0.527991 0.42311 0.455375 0.518046 0.484679 0.483386 0.437827 0.390118 0.454546 0.42713 0.464469 0.444577 0.432006 0.468025 0.471035 0.461795 0.449558 0.446656 0.470974 0.41775 0.527302 0.467286 0.498685 0.427629 0.539369 0.452546 0.421209 0.482515 0.526579 0.457196 0.490161 0.411285 0.491302 0.495669 0.495687 0.487914 0.537788 0.523488 0.449385 0.429629 0.465032 0.395419 0.457062 0.44006 0.546577 0.450515 0.490647 0.434533 0.47391 0.453574 0.472247 0.393718 0.521434 0.451589 0.515752 0.560713 0.464893 0.436795 0.519151 0.46238 0.460651 0.478885 0.488437 0.465639 0.525881 0.551352 0.482024 0.45121 0.476 0.44732 0.447357 0.556061 0.530698 0.480452 0.458687 0.576397 0.554702 0.592376 0.54966 0.600722 0.507618 0.620254 0.487395 0.573 0.596425 0.559361 0.55827 0.535516 0.513794 0.535127 0.53254 0.412949 0.459787 0.550216 0.441814 0.576381 0.519549 0.525936 0.572458 0.581958 0.502873 0.512509 0.564672 0.487766 0.540906 0.506257 0.582718 0.493832 0.445108 0.508799 0.460934 0.4615 0.442737 0.515729 0.577433 0.544266 0.504433 0.474659 0.510722 0.528723 0.498631 0.478985 0.563771 0.461509 0.440511 0.460836 0.480474 0.48771 0.479815 0.56048 0.511832 0.535033 0.458748 0.491012 0.466034 0.525229 0.424807 0.432597 0.451937 0.510607 0.439245 0.511655 0.45669 0.528627 0.578619 0.491983 0.535595 0.577369 0.533466 0.484307 0.445829 0.579017 0.510833 0.429048 0.613667 0.515183 0.489283 0.489281 0.470422 0.500944 0.516327 0.483798 0.639143 0.504766 0.535714 0.54468 0.517603 0.435565 0.493112 0.450964 0.464242 0.474147 0.526024 0.524948 0.446614 0.457458 0.425579 0.487858 0.437191 0.43872 0.462738 0.507286 0.472421 0.450412 0.449819 0.44111 0.38786 0.45469 0.402525 0.454927 0.449567 0.42823 0.400108 0.458036 0.397031 0.400201 0.477486 0.434069 0.459292 0.395983 0.443171 0.430006 0.433022 0.425004 0.456025 0.430373 0.419472 0.43587 0.450513 0.413542 0.464615 0.487564 0.446935 0.433126 0.510839 0.55731 0.559739 0.495206 0.475143 0.50323 0.480737 0.430005 0.559012 0.514057 0.502956 0.489335 0.531478 0.485087 0.495159 0.50264 0.483593 0.56321 0.497499 0.555333 0.532123 0.492643 0.436811 0.422651 0.437501 0.467857 0.439971 0.449799 0.438318 0.369401 0.469574 0.464526 0.421488 0.454554 0.427385 0.447172 0.498164 0.453544 0.510739 0.502299 0.476869 0.442474 0.453544 0.456536 0.39398 0.517567 Population\_4Prey
GeneticAlgorithm\_4Prey
0.7
0.1
1
30
0
0
1
2
0
map 3
0 0.75
1 2
2 1
map 1
0 2
not-ownsdata
2
1818
vector 1818 0.356559 0.368212 0.296116 0.312287 0.383675 0.385043 0.275539 0.316255 0.305401 0.284951 0.290092 0.30502 0.293042 0.237084 0.200598 0.230864 0.223823 0.218071 0.245801 0.239975 0.262462 0.205714 0.204802 0.181659 0.173213 0.163334 0.169766 0.176105 0.181624 0.180321 0.189903 0.197749 0.177574 0.221744 0.17391 0.203782 0.209745 0.187972 0.169681 0.196148 0.15966 0.184158 0.153977 0.160237 0.185212 0.182306 0.157131 0.175043 0.17254 0.21235 0.15788 0.169477 0.227861 0.229112 0.234407 0.288597 0.246237 0.244305 0.215708 0.24647 0.23744 0.280125 0.275448 0.284214 0.289455 0.25165 0.252872 0.221858 0.231055 0.19983 0.230313 0.20277 0.221199 0.253673 0.207858 0.190774 0.230004 0.195207 0.216354 0.25127 0.184243 0.212369 0.226864 0.218974 0.242337 0.245503 0.229116 0.229002 0.238893 0.223636 0.202649 0.213837 0.22717 0.233321 0.238687 0.245134 0.24891 0.268415 0.277924 0.275163 0.274323 0.255157 0.254111 0.263831 0.273134 0.285735 0.293986 0.293682 0.339016 0.257843 0.301631 0.345651 0.302468 0.332655 0.349924 0.285674 0.366244 0.340868 0.305811 0.345929 0.320072 0.330126 0.312241 0.305116 0.33296 0.278636 0.289807 0.296194 0.266417 0.275175 0.289698 0.318294 0.300439 0.305518 0.256495 0.245358 0.272164 0.269679 0.302492 0.276827 0.293962 0.285886 0.307272 0.265003 0.292519 0.266272 0.233817 0.288046 0.308423 0.288386 0.295692 0.267157 0.276346 0.2846 0.290889 0.274775 0.277166 0.337878 0.275657 0.280788 0.311863 0.350649 0.278803 0.284603 0.290982 0.316228 0.328076 0.345755 0.317076 0.263872 0.342729 0.262081 0.252678 0.289041 0.278869 0.29289 0.270558 0.321537 0.263078 0.26884 0.26261 0.264741 0.260593 0.292765 0.348498 0.327833 0.332549 0.323864 0.318688 0.315583 0.270302 0.276485 0.289527 0.386997 0.325999 0.340153 0.27701 0.307365 0.285026 0.295497 0.314674 0.25459 0.29772 0.274037 0.258603 0.289931 0.287495 0.312188 0.290786 0.3146 0.299103 0.31837 0.331208 0.32873 0.289515 0.324782 0.27863 0.297034 0.317881 0.36224 0.371282 0.333253 0.397334 0.382295 0.342611 0.374486 0.361042 0.38989 0.362867 0.338079 0.305616 0.341435 0.353734 0.349644 0.340755 0.388273 0.300104 0.336035 0.355184 0.340112 0.300379 0.332633 0.35581 0.331731 0.366884 0.341303 0.375387 0.386372 0.396342 0.439985 0.395618 0.403761 0.344273 0.38868 0.437529 0.411351 0.457665 0.446509 0.44347 0.493405 0.497798 0.421348 0.494824 0.436257 0.450778 0.506593 0.443841 0.441351 0.444101 0.469041 0.433605 0.404346 0.429289 0.466361 0.430801 0.426764 0.457913 0.466844 0.404617 0.43838 0.465008 0.444045 0.437999 0.485261 0.461791 0.533933 0.46413 0.451207 0.459049 0.49553 0.416083 0.446803 0.422184 0.413549 0.410384 0.39045 0.484717 0.456183 0.399864 0.428422 0.41859 0.433559 0.43257 0.420365 0.470845 0.472071 0.439178 0.429572 0.370751 0.476483 0.395397 0.384383 0.403192 0.378036 0.398313 0.381823 0.376952 0.37667 0.468037 0.408701 0.409814 0.45583 0.418786 0.419724 0.39261 0.427917 0.451087 0.466402 0.383746 0.400849 0.390574 0.505661 0.430299 0.491049 0.483964 0.469659 0.409212 0.437796 0.403598 0.490139 0.451079 0.450575 0.431228 0.444456 0.429985 0.441138 0.422447 0.472642 0.361933 0.427098 0.410243 0.417479 0.466835 0.45502 0.4439 0.415863 0.471942 0.52939 0.421676 0.430692 0.4875 0.497146 0.496807 0.561456 0.524803 0.495059 0.613073 0.462708 0.526855 0.526564 0.546468 0.515175 0.462911 0.493437 0.490206 0.443586 0.382833 0.481901 0.454705 0.472948 0.451287 0.494738 0.446845 0.463458 0.541387 0.465052 0.552948 0.450149 0.488988 0.53223 0.497938 0.489819 0.494132 0.426984 0.490775 0.493987 0.539952 0.479845 0.578472 0.546722 0.563505 0.568791 0.524421 0.571722 0.6175 0.629167 0.631071 0.516064 0.634833 0.595 0.644341 0.622476 0.704235 0.642849 0.659087 0.659929 0.572 0.636921 0.65681 0.558929 0.602012 0.593849 0.54577 0.562648 0.529786 0.519837 0.536564 0.621603 0.522339 0.546406 0.57956 0.557667 0.52896 0.475956 0.541763 0.512004 0.514667 0.557393 0.547081 0.505803 0.467701 0.533837 0.562738 0.630381 0.528082 0.596508 0.515749 0.572626 0.57637 0.605675 0.534944 0.684778 0.555444 0.619778 0.720611 0.652778 0.631389 0.679222 0.613556 0.693706 0.623331 0.589278 0.606854 0.593667 0.630175 0.699714 0.572476 0.507102 0.577656 0.541066 0.623675 0.6155 0.54998 0.471679 0.608317 0.531496 0.548002 0.485151 0.526577 0.532698 0.516394 0.458717 0.54672 0.505425 0.390549 0.424008 0.483086 0.464421 0.449677 0.50723 0.460047 0.468708 0.443384 0.409725 0.47156 0.503951 0.438016 0.378756 0.475255 0.524952 0.473075 0.448339 0.445222 0.431641 0.374683 0.347121 0.363598 0.426031 0.412459 0.440325 0.479934 0.498352 0.534825 0.510427 0.477068 0.551984 0.560881 0.531632 0.544258 0.619233 0.602833 0.566611 0.561123 0.586389 0.535548 0.55304 0.524607 0.510119 0.422437 0.504231 0.541972 0.516639 0.562587 0.528738 0.586103 0.632231 0.55604 0.632585 0.60773 0.584905 0.61109 0.594873 0.532222 0.530762 0.571072 0.575575 0.536205 0.48547 0.551972 0.528159 0.567683 0.572172 0.438225 0.497369 0.625374 0.487549 0.492143 0.531267 0.518537 0.47858 0.528012 0.452599 0.505048 0.520597 0.570814 0.580655 0.524294 0.532012 0.598175 0.569391 0.502316 0.542757 0.611976 0.569294 0.615087 0.567627 0.587012 0.557095 0.508662 0.464867 0.493679 0.546386 0.40284 0.422835 0.47285 0.382938 0.465747 0.416889 0.447977 0.372599 0.407109 0.355112 0.405626 0.408742 0.392173 0.436504 0.44788 0.41081 0.417736 0.465999 0.430032 0.461024 0.45041 0.396094 0.492979 0.465726 0.432942 0.405353 0.463315 0.431852 0.486033 0.472344 0.427533 0.492971 0.430969 0.504495 0.550882 0.526984 0.568071 0.550351 0.584667 0.442954 0.538881 0.533972 0.487599 0.494016 0.469036 0.48884 0.413873 0.447894 0.414706 0.522333 0.499066 0.455267 0.477746 0.429242 0.48805 0.47139 0.480623 0.445606 0.453078 0.502426 0.513984 0.390206 0.463742 0.441926 0.469223 0.505831 0.35774 0.4336 0.408287 0.425156 0.480124 0.45865 0.49059 0.442176 0.48279 0.498233 0.505484 0.397491 0.425939 0.394944 0.46688 0.422011 0.373771 0.451003 0.445907 0.402842 0.425653 0.446876 0.419124 0.448738 0.446492 0.489545 0.512082 0.512576 0.471165 0.440676 0.496191 0.538464 0.492073 0.501775 0.52978 0.529394 0.508946 0.529294 0.526877 0.593421 0.579737 0.582278 0.54379 0.56104 0.562438 0.551386 0.620357 0.597458 0.589254 0.489833 0.520956 0.542868 0.53972 0.514198 0.452597 0.487492 0.476127 0.514385 0.492821 0.389398 0.54157 0.55781 0.588693 0.562901 0.528656 0.52371 0.48928 0.517083 0.503993 0.487622 0.560966 0.536866 0.477179 0.50339 0.475009 0.470536 0.432569 0.441429 0.438192 0.409385 0.496398 0.502726 0.435606 0.473688 0.486549 0.473634 0.489081 0.456342 0.470902 0.424058 0.472732 0.432187 0.513627 0.436103 0.472255 0.512601 0.463643 0.488466 0.521456 0.483193 0.558525 0.435524 0.524764 0.469402 0.506496 0.472837 0.517853 0.475427 0.535853 0.424368 0.487733 0.477839 0.376508 0.485242 0.470623 0.434155 0.491877 0.519968 0.520623 0.474294 0.517351 0.510683 0.584024 0.473475 0.473913 0.496242 0.543382 0.543129 0.489033 0.502034 0.543341 0.479161 0.404869 0.533504 0.451785 0.474222 0.475758 0.459803 0.448737 0.527991 0.42311 0.455375 0.518046 0.484679 0.483386 0.437827 0.390118 0.454546 0.42713 0.464469 0.444577 0.432006 0.468025 0.471035 0.461795 0.449558 0.446656 0.470974 0.41775 0.527302 0.467286 0.498685 0.427629 0.539369 0.452546 0.421209 0.482515 0.526579 0.457196 0.490161 0.411285 0.491302 0.495669 0.495687 0.487914 0.537788 0.523488 0.449385 0.429629 0.465032 0.395419 0.457062 0.44006 0.546577 0.450515 0.490647 0.434533 0.47391 0.453574 0.472247 0.393718 0.521434 0.451589 0.515752 0.560713 0.464893 0.436795 0.519151 0.46238 0.460651 0.478885 0.488437 0.465639 0.525881 0.551352 0.482024 0.45121 0.476 0.44732 0.447357 0.556061 0.530698 0.480452 0.458687 0.576397 0.554702 0.592376 0.54966 0.600722 0.507618 0.620254 0.487395 0.573 0.596425 0.559361 0.55827 0.535516 0.513794 0.535127 0.53254 0.412949 0.459787 0.550216 0.441814 0.576381 0.519549 0.525936 0.572458 0.581958 0.502873 0.512509 0.564672 0.487766 0.540906 0.506257 0.582718 0.493832 0.445108 0.508799 0.460934 0.4615 0.442737 0.515729 0.577433 0.544266 0.504433 0.474659 0.510722 0.528723 0.498631 0.478985 0.563771 0.461509 0.440511 0.460836 0.480474 0.48771 0.479815 0.56048 0.511832 0.535033 0.458748 0.491012 0.466034 0.525229 0.424807 0.432597 0.451937 0.510607 0.439245 0.511655 0.45669 0.528627 0.578619 0.491983 0.535595 0.577369 0.533466 0.484307 0.445829 0.579017 0.510833 0.429048 0.613667 0.515183 0.489283 0.489281 0.470422 0.500944 0.516327 0.483798 0.639143 0.504766 0.535714 0.54468 0.517603 0.435565 0.493112 0.450964 0.464242 0.474147 0.526024 0.524948 0.446614 0.457458 0.425579 0.487858 0.437191 0.43872 0.462738 0.507286 0.472421 0.450412 0.449819 0.44111 0.38786 0.45469 0.402525 0.454927 0.449567 0.42823 0.400108 0.458036 0.397031 0.400201 0.477486 0.434069 0.459292 0.395983 0.443171 0.430006 0.433022 0.425004 0.456025 0.430373 0.419472 0.43587 0.450513 0.413542 0.464615 0.487564 0.446935 0.433126 0.510839 0.55731 0.559739 0.495206 0.475143 0.50323 0.480737 0.430005 0.559012 0.514057 0.502956 0.489335 0.531478 0.485087 0.495159 0.50264 0.483593 0.56321 0.497499 0.555333 0.532123 0.492643 0.436811 0.422651 0.437501 0.467857 0.439971 0.449799 0.438318 0.369401 0.469574 0.464526 0.421488 0.454554 0.427385 0.447172 0.498164 0.453544 0.510739 0.502299 0.476869 0.442474 0.453544 0.456536 0.39398 0.517567 0.519401 0.506577 0.520501 0.506905 0.514214 0.485371 0.51678 0.450102 0.445479 0.460404 0.411775 0.464485 0.33845 0.466863 0.449425 0.424123 0.361928 0.443905 0.405603 0.367768 0.369546 0.398396 0.359328 0.470943 0.408933 0.414084 0.452573 0.458013 0.425152 0.340408 0.450013 0.439985 0.473801 0.453516 0.428295 0.450535 0.441328 0.463476 0.453416 0.401201 0.491099 0.494317 0.476212 0.451105 0.458696 0.507296 0.451267 0.430156 0.414944 0.557001 0.493521 0.526574 0.51854 0.453606 0.43832 0.486143 0.518209 0.473675 0.467538 0.442462 0.452317 0.503024 0.461038 0.514321 0.504206 0.490042 0.436822 0.429321 0.455651 0.471171 0.454357 0.490758 0.489134 0.545947 0.455135 0.407535 0.486339 0.404098 0.456757 0.432028 0.472533 0.500401 0.426966 0.422433 0.432548 0.453733 0.407381 0.496299 0.438123 0.378857 0.411086 0.515902 0.426004 0.364072 0.423524 0.454378 0.426515 0.428589 0.488155 0.472504 0.458512 0.489197 0.47273 0.517171 0.519495 0.566934 0.497151 0.47475 0.488351 0.476409 0.481683 0.526008 0.511528 0.527056 0.566143 0.537143 0.507104 0.527238 0.533349 0.550242 0.512337 0.494866 0.49582 0.482361 0.503791 0.534044 0.617986 0.599175 0.5473 0.507686 0.56746 0.542587 0.49781 0.596922 0.563702 0.56202 0.540786 0.571569 0.601675 0.501448 0.577833 0.620222 0.548942 0.553385 0.50254 0.636056 0.612667 0.566194 0.460594 0.512221 0.568528 0.584119 0.459183 0.604944 0.527512 0.536278 0.585309 0.6145 0.57796 0.59247 0.556198 0.63831 0.440175 0.553143 0.498507 0.594167 0.585919 0.572064 0.46881 0.57539 0.502967 0.54925 0.553233 0.542023 0.55173 0.457964 0.55218 0.454468 0.435516 0.466357 0.495894 0.449872 0.42795 0.47075 0.515661 0.430005 0.506071 0.446502 0.503172 0.410586 0.450307 0.434476 0.509267 0.460135 0.393533 0.403122 0.464397 0.476813 0.537589 0.4591 0.428218 0.46548 0.4998 0.461357 0.50272 0.44368 0.431482 0.469607 0.477774 0.449277 0.512258 0.468874 0.442782 0.496599 0.427373 0.470728 0.505692 0.49938 0.500303 0.423111 0.502326 0.491002 0.447123 0.492102 0.51266 0.468017 0.498636 0.487769 0.463181 0.397323 0.485312 0.417377 0.483754 0.472985 0.429683 0.443254 0.457524 0.41933 0.483193 0.453956 0.485488 0.462474 0.441648 0.472802 0.509825 0.484923 0.552071 0.535458 0.502421 0.455925 0.445029 0.494649 0.422689 0.450909 0.483128 0.530155 0.510238 0.530627 0.510528 0.566087 0.473873 0.562794 0.632572 0.570089 0.551004 0.527143 0.534369 0.507513 0.523099 0.561851 0.520931 0.513413 0.501192 0.476504 0.480064 0.415046 0.485816 0.479622 0.42921 0.446121 0.495696 0.483106 0.41959 0.478668 0.595807 0.484496 0.507103 0.532278 0.541036 0.531917 0.440365 0.497151 0.463848 0.556664 0.471574 0.592329 0.538939 0.54371 0.588106 0.556365 0.669889 0.517829 0.555333 0.638232 0.63023 0.469012 0.491496 0.472778 0.527397 0.47248 0.571 0.578127 0.540056 0.556897 0.540233 0.54204 0.530921 0.520934 0.499996 0.526483 0.49137 0.576 0.49123 0.529921 0.52375 0.47143 0.439169 0.521013 0.430123 0.53052 0.559369 0.562679 0.52825 0.512405 0.599484 0.600083 0.575675 0.51835 0.540627 0.529845 0.62773 0.538091 0.550786 0.54814 0.51098 0.535599 0.572611 0.632056 0.638504 0.454143 0.573206 0.622476 0.59606 0.626845 0.50968 0.590333 0.623278 0.576722 0.655 0.647944 0.583059 0.575444 0.541648 0.483286 0.551425 0.47331 0.52823 0.517726 0.519818 0.541675 0.586556 0.459503 0.557012 0.523063 0.528671 0.513349 0.616393 0.654136 0.548436 0.513844 0.569712 0.523754 0.574611 0.538754 0.537758 0.575651 0.577873 0.492603 0.536655 0.536974 0.49573 0.563188 0.556996 0.587037 0.626111 0.580726 0.550698 0.615365 0.550445 0.5615 0.601222 0.623373 0.507286 0.556456 0.549475 0.59371 0.526238 0.503393 0.58527 0.563587 0.534247 0.549889 0.50521 0.46188 0.534148 0.504188 0.567123 0.515155 0.472351 0.529224 0.549556 0.553907 0.538053 0.549779 0.507642 0.53129 0.555378 0.437627 0.515933 0.57102 0.523873 0.558071 0.47306 0.551179 0.547425 0.506115 0.535937 0.533595 0.543929 0.475564 0.450452 0.468849 0.598206 0.466419 0.551449 0.519402 0.453556 0.51596 0.469587 0.490385 0.441615 0.494008 0.44059 0.482318 0.424097 0.537595 0.422997 0.474302 0.427603 0.451203 0.498258 0.484316 0.501369 0.482319 0.578006 0.557512 0.526135 0.621929 0.633206 0.639 0.73827 0.643706 0.582111 0.627722 0.671944 0.606302 0.646722 0.597476 0.625611 0.602032 0.547442 0.546962 0.608278 0.502234 0.540262 0.589889 0.562175 0.552855 0.561895 0.520587 0.626444 0.560175 0.54621 0.706445 0.575778 0.592889 0.508341 0.563321 0.518114 0.615143 0.583056 0.579341 0.615222 0.615262 0.447925 0.438708 0.502541 0.471115 0.561428 0.547524 0.489063 0.53256 0.538635 0.569048 0.514996 0.578071 0.515102 0.446505 0.544905 0.581456 0.490481 0.548817 0.504295 0.615444 0.541306 0.486198 0.501411 0.575057 0.536275 0.546075 0.571179 0.536049 0.508314 0.525956 0.514979 0.567656 0.510944 0.539679 0.551234 0.503361 0.559025 0.598397 0.615245 0.503931 0.54146 0.525452 0.501585 0.565882 0.498691 0.415123 0.489295 0.475597 0.533857 0.485754 0.413635 0.403709 0.486919 0.427209 0.45527 0.451161 0.408052 0.445504 0.417753 0.426578 0.414253 0.480263 0.470448 0.507401 0.427649 0.452279 0.514475 0.445108 0.462402 0.426949 0.402757 0.428665 0.430865 0.450226 0.44824 0.454877 0.446335 0.493189 0.472868 0.452008 0.44193 0.407866 0.457995 0.444975 0.45214 0.435698 0.481362 0.478123 0.509275 0.449012 0.500683 0.361824 0.495302 0.453832 0.465836 0.470409 0.436789 0.542966 0.412816 0.452663 0.430217 0.461946 0.454978 0.424833 0.45162 0.361451 0.414735 0.38355 0.355008 0.357364 0.438382 0.483376 0.473393 0.434529 0.414836 0.396951 0.369023 0.458729 0.409421 0.451149 0.40018 0.489343 0.475292 0.425139 0.489921 0.514713 0.485943 0.522643 0.552333 0.49795 0.523385 0.506929 0.539423 0.497304 0.533362 0.490803 0.483304 0.492021 0.561083 0.492645 0.484186 0.534032 0.499077 0.572675 0.534568 0.513131 0.596474 0.592111 0.55123 0.621738 0.522874 0.497992 0.566171 0.575056 0.528393 0.560837 0.556193 0.616795 0.532135 0.535704 0.510702 0.597722 0.687611 0.484095 0.595004 0.56127 0.571889 0.580532 0.534722 0.566389 0.629425 0.605111 0.502811 0.55179 0.572222 0.546738 0.566167 0.630798 0.687222 0.599073 0.597619 0.63516 0.556278 0.529389 0.597214 0.518579 0.619722 0.638056 0.517532 0.623556 0.665892 0.588222 0.580158 0.629833 0.631214 0.617538 0.509056 0.612905 0.527056 0.565222 0.537438 0.565286 0.566847 0.568389 0.510115 0.610127 0.641722 0.571028 0.556143 0.504015 0.522048 0.509254 0.648179 0.525946 0.562982 0.499276 0.464294 0.480365 0.487362 0.527831 0.529321 0.540008 0.43322 0.445925 0.508819 0.511093 0.489278 0.515021 0.51381 0.451975 0.497348 0.516702 0.508891 0.395109 0.493374 0.528998 0.582036 0.586881 0.475925 0.480392 0.605651 0.594799 0.524091 0.579843 0.556392 0.528881 0.585182 0.577881 0.510821 0.502123 0.447482 0.515452 0.621056 0.526885 0.501318 0.525698 0.496373 0.53827 0.580599 0.546619 0.578913 0.535817 0.48096 0.488033 0.464554 0.49788 0.545676 vector 1818 0.75 0.9 0.516667 0.639286 1 0.9 0.492619 0.85 0.85 0.733333 0.553333 0.95 0.55 0.55 0.467619 0.5375 0.693333 0.653333 0.56 0.683333 0.533333 0.424286 0.736667 0.595 0.420278 0.363654 0.382778 0.366944 0.362672 0.442024 0.4425 0.410087 0.384127 0.578333 0.378452 0.534286 0.618452 0.484121 0.369444 0.375397 0.366188 0.741667 0.283847 0.383301 0.436905 0.323374 0.331591 0.396667 0.466944 0.479167 0.466667 0.385952 0.434286 0.528333 0.595 0.709286 0.495 0.491667 0.447619 0.533333 0.498333 0.533333 0.733333 0.75 0.783333 0.439286 0.432778 0.483333 0.37123 0.42 0.433333 0.340833 0.451944 0.783333 0.408056 0.341055 0.6175 0.401667 0.364567 0.564286 0.30754 0.413452 0.478089 0.45 0.55 0.481667 0.476667 0.472897 0.566667 0.483889 0.553333 0.703333 0.675 0.525 0.441591 0.85 0.634286 0.628333 0.716667 0.658333 0.501786 0.492619 0.491667 0.561667 0.581667 0.606667 0.833333 0.614286 0.75 0.475 0.816667 0.766667 0.9 0.741667 0.69 0.715 1 0.9 0.7 0.691667 0.691667 0.633333 0.858333 0.55 0.733333 0.741667 0.575 0.816667 0.506667 0.55 0.541667 0.633333 0.645 0.65 0.455 0.5325 0.675 0.605 0.7 0.450833 0.683333 0.603175 0.75 0.55 0.678333 0.532619 0.414286 0.717619 0.733333 0.536667 0.583333 0.733333 0.6 0.933333 0.566667 0.503333 0.6 0.95 0.833333 0.683333 0.741667 0.695 0.7 0.527738 0.85 0.625 0.625952 0.816667 1 0.675 0.683333 0.532778 0.45 0.598571 0.485119 0.583333 0.511667 0.61 0.533333 0.8 0.539286 0.481667 0.666667 0.556667 0.741667 0.641667 0.716667 0.658333 0.773333 0.606667 0.466667 0.57 0.567619 0.95 0.583333 0.661667 0.533333 0.675 0.561667 0.598611 0.6125 0.508333 0.586786 0.492619 0.494286 0.541667 0.536667 0.75 0.7 0.653333 0.525 0.7 0.866667 0.716667 0.675 0.623333 0.55 0.661667 0.716667 1 0.9 0.55 1 0.866667 0.728333 1 1 0.8 0.716667 0.616667 0.55 0.695 0.858333 0.636667 0.608333 1 0.625 0.866667 1 0.575952 0.686667 0.683333 0.7 0.9 0.95 0.62 0.85 0.716667 0.95 1 0.8 0.8 0.608333 1 0.9 0.9 1 0.95 1 1 1 0.85 1 1 1 1 0.8 1 1 1 1 1 0.816667 1 0.95 0.9 0.95 0.833333 0.95 1 0.8 0.85 1 1 1 1 1 1 0.883333 1 0.65 0.9 0.833333 0.825 0.783333 0.766667 1 1 1 0.758333 0.9 0.9 1 0.75 1 1 1 0.8 0.75 1 0.85 0.8 0.85 1 0.85 0.733333 0.8 1 1 0.9 0.741667 1 0.75 0.95 1 1 0.833333 0.783333 0.8 0.766667 0.633333 0.95 0.616667 1 0.9 0.95 0.75 1 0.808333 1 0.883333 0.933333 0.95 0.883333 0.85 0.8 0.95 0.85 0.65 0.75 0.808333 0.766667 1 1 0.85 0.783333 0.8 1 0.9 0.883333 1 1 1 1 1 0.95 1 1 1 1 1 0.786667 0.7 0.866667 0.9 1 0.7 1 0.9 0.866667 0.87 0.95 1 0.9 1 1 1 0.95 0.9 1 1 1 0.95 0.833333 1 1 1 0.95 1 1 1 1 1 1 1 1 1 1 1 1 1 1 1 1 1 1 1 1 1 1 1 1 1 1 0.9 1 1 1 0.9 1 1 1 1 0.9 0.95 1 1 1 1 1 0.9 1 1 1 1 1 0.95 1 1 1 1 1 1 1 1 1 1 1 1 1 1 1 1 1 1 1 1 1 1 1 1 1 1 1 1 1 1 0.9 0.85 1 0.95 1 1 1 0.85 1 1 1 1 1 1 1 0.95 0.85 1 1 0.9 0.858333 0.816667 1 1 0.9 0.816667 0.833333 0.95 0.683333 0.786667 0.95 0.741667 1 1 1 1 1 1 1 1 0.9 1 1 1 0.9 1 1 1 1 1 1 0.766667 1 1 1 1 1 1 1 1 1 1 1 1 1 1 0.95 1 1 1 1 1 1 1 1 0.95 0.85 1 1 1 1 0.95 1 0.85 0.766667 1 1 1 1 1 1 1 1 1 1 1 1 1 1 1 1 1 1 0.95 1 0.733333 1 1 0.883333 1 0.75 1 0.883333 0.75 0.8 1 0.9 0.758333 1 1 0.75 1 1 0.733333 1 0.85 0.65 0.883333 1 0.866667 0.9 1 1 0.9 1 0.9 1 1 1 1 1 1 1 1 0.9 1 1 1 0.753333 1 0.95 0.833333 0.95 0.8 1 1 1 1 0.75 1 0.95 1 1 1 1 1 0.95 1 1 1 1 0.566667 0.95 0.758333 0.85 1 0.85 0.9 0.75 0.95 1 1 0.85 1 0.666667 1 1 0.766667 0.8 0.95 0.733333 0.716667 1 0.775 1 0.803333 0.95 0.95 1 0.95 0.9 0.8 1 0.95 1 1 1 1 1 1 1 1 1 1 1 1 1 1 1 1 1 1 1 1 0.95 0.85 1 1 1 0.9 0.7 1 1 1 1 1 0.933333 0.95 0.95 1 1 1 1 1 1 0.875 0.95 1 1 0.95 1 0.95 1 0.675 1 1 1 1 0.95 0.9 1 1 0.95 1 0.775 0.9 1 0.766667 0.95 0.95 0.933333 1 1 1 1 0.95 0.85 1 0.925 1 0.698333 1 1 0.708333 0.85 0.9 0.85 1 1 1 0.883333 0.95 1 1 1 1 1 1 1 1 1 1 1 1 0.95 0.9 0.95 0.75 1 1 1 0.733333 1 1 1 0.95 1 1 1 1 1 1 0.75 0.883333 1 0.95 1 1 0.95 0.816667 0.9 1 1 0.8 1 1 1 1 1 1 1 0.866667 0.95 0.95 0.95 1 1 1 0.95 1 0.95 1 1 0.658333 1 1 1 0.866667 1 0.85 1 0.95 1 0.866667 1 1 1 0.8 1 1 0.9 1 1 1 1 1 0.8 1 1 1 0.816667 1 1 0.95 0.85 1 1 1 1 1 1 1 0.95 1 1 1 1 1 1 1 1 0.816667 1 1 0.75 1 0.866667 0.95 1 1 1 0.95 1 1 0.866667 1 1 0.95 0.9 1 1 0.866667 1 1 1 1 0.9 0.833333 1 1 0.9 1 1 1 0.833333 1 1 1 1 1 1 1 1 1 1 1 0.95 0.85 0.766667 1 1 1 1 1 1 1 1 1 1 1 0.9 1 1 0.933333 1 1 0.85 1 1 1 0.9 1 1 0.9 1 1 1 1 1 1 1 1 0.95 1 0.733333 0.85 0.9 1 1 0.816667 0.9 1 0.9 0.816667 1 1 1 0.816667 0.85 0.85 1 0.716667 0.9 1 0.866667 1 0.883333 1 1 0.95 1 0.666667 0.85 1 0.85 0.758333 0.8 0.8 1 0.75 1 1 1 1 1 1 1 1 1 1 1 0.683333 1 1 0.95 0.9 1 0.925 1 0.883333 1 1 1 1 1 1 0.75 0.65 1 0.95 0.8 1 0.783333 0.833333 1 1 0.95 1 0.95 0.8 0.9 1 1 0.95 0.816667 1 1 0.95 0.85 0.95 1 1 1 0.95 1 0.95 0.9 0.95 1 1 0.8 1 0.65 0.95 1 1 0.85 0.866667 0.75 1 0.866667 0.95 0.758333 1 0.791667 0.816667 1 1 1 0.75 0.75 1 1 0.9 0.9 0.9 0.733333 0.9 1 0.8 1 1 0.95 1 1 1 1 0.95 0.708333 1 1 1 0.85 0.85 0.733333 0.85 1 1 0.9 1 0.85 1 1 1 1 1 1 0.8 0.816667 1 0.9 1 0.95 1 1 1 1 0.75 0.808333 1 1 1 1 1 0.883333 0.95 0.95 1 1 1 0.9 1 0.95 0.6 0.95 0.9 0.85 0.95 0.9 1 0.75 1 0.95 1 1 1 1 0.95 1 0.85 1 1 1 1 1 0.95 1 1 1 1 1 0.808333 1 0.95 1 1 1 1 1 1 1 1 1 1 1 1 1 1 1 0.85 1 1 1 1 0.866667 1 0.95 0.95 1 1 1 1 0.95 1 1 1 1 0.9 0.85 1 1 1 0.75 1 1 1 1 1 0.9 1 1 1 1 1 1 1 1 0.8 1 0.95 1 0.866667 0.866667 0.9 1 1 1 0.75 0.95 1 1 0.85 0.95 1 0.7 1 1 1 1 1 0.85 1 0.845 1 0.95 0.853333 1 1 0.9 1 1 1 1 0.933333 0.733333 1 1 1 0.8 1 1 1 1 1 1 1 1 1 1 0.95 0.95 0.95 1 1 1 0.95 0.808333 0.833333 1 0.9 1 1 0.95 1 0.883333 1 1 1 1 0.758333 1 1 0.783333 0.866667 1 1 1 1 0.95 1 0.9 1 1 1 1 0.95 1 0.85 1 1 1 0.95 1 0.883333 1 0.8 0.9 1 0.75 1 0.95 0.9 0.775 0.866667 1 1 1 1 1 1 1 1 0.95 1 0.825 1 1 1 1 1 1 1 1 1 1 0.866667 0.95 1 1 1 1 1 0.95 1 1 1 0.95 0.75 0.9 1 0.816667 1 0.8 0.95 0.85 0.733333 0.7 1 0.773333 1 1 1 1 1 1 1 1 1 1 1 1 1 1 1 1 1 1 1 1 1 1 1 1 1 1 1 1 1 1 1 1 1 1 1 1 0.9 1 0.9 0.8 0.85 1 0.95 1 1 1 0.9 1 1 1 0.925 0.95 1 0.95 1 1 1 0.95 1 1 1 1 1 0.9 1 1 1 1 1 1 0.933333 1 1 1 1 1 1 1 0.741667 1 1 1 1 0.883333 0.85 1 0.9 1 1 1 1 1 1 1 1 1 1 1 0.711667 1 1 1 1 0.9 1 1 1 1 1 1 0.883333 0.95 0.8 1 1 1 1 0.8 1 0.9 0.95 1 1 0.816667 1 0.85 0.95 0.95 1 0.9 1 1 1 1 1 1 1 1 1 1 1 1 1 1 1 1 1 1 1 1 1 1 1 1 1 1 1 1 1 1 1 1 1 1 1 1 1 1 1 1 1 1 1 1 1 1 0.803333 0.95 0.8 1 1 1 1 1 1 1 1 1 0.85 1 1 0.9 1 1 1 1 1 1 1 0.95 1 1 1 1 1 1 1 0.95 1 1 0.825 1 1 1 1 1 1 1 1 0.95 0.733333 1 1 1 1 0.85 1 1 0.9 1 0.9 0.683333 1 0.875 1 0.8 0.9 0.883333 1 1 1 1 1 0.858333 0.9 0.75 0.95 0.95 1 1 0.766667 0.666667 1 1 0.8 0.95 0.628333 1 1 0.866667 0.675 0.95 0.9 1 1 1 0.85 1 0.9 0.883333 1 0.9 1 0.75 1 0.75 0.8 1 0.866667 0.866667 0.75 0.703333 0.716667 0.67 0.933333 0.833333 0.95 0.883333 0.816667 1 1 0.8 0.85 1 0.95 0.75 1 0.766667 0.9 0.9 0.8 0.9 0.95 1 0.816667 1 1 1 1 1 1 1 1 1 1 1 1 0.85 1 1 1 1 1 1 1 1 1 0.866667 1 1 1 1 1 1 1 0.9 1 1 1 1 1 1 1 1 1 1 1 1 1 1 1 1 1 1 1 1 1 1 1 1 1 1 1 1 1 1 1 1 1 1 1 0.85 1 1 1 1 1 1 1 1 1 1 1 1 1 1 1 1 1 1 0.9 1 1 1 1 1 0.85 0.75 0.9 0.95 1 0.95 1 1 1 0.95 1 0.883333 0.745 1 1 1 1 0.866667 1 1 1 1 1 0.95 1 1 1 0.9 1 0.8 0.95 0.95 1 1 1 1 1 1 1 1 1 1 1 1 1 1 1
vector 22 0.598912 0.893543 -0.0859534 0.203569 -0.779511 0.824233 -0.24166 0.560022 0.585904 0.217611 1.22814 -0.902249 -1.20597 -0.744276 -0.336054 0.798134 -0.825191 0.404134 0.397296 -0.400349 -0.0944061 -0.0145558 vector 22 14.2494 2.342 -5.81356 11.975 2.22525 -9.54853 -8.89045 13.5412 -3.48618 -3.32802 9.16633 1.05364 -8.94069 12.236 4.43118 4.31293 -2.52713 4.40663 1.14472 -16.2223 -2.14876 9.25362 30
vector 22 14.3873 1.44428 -5.75114 11.9753 0.744525 -8.98398 -9.23118 14.0409 -4.00328 -2.83037 9.16633 1.05364 -8.94069 12.5019 3.79097 6.62009 -0.782657 2.58819 3.19462 -17.2826 -4.22826 9.50618 vector 22 10.864 0.177826 -5.06731 12.4522 1.68572 -9.54853 -8.89045 13.5185 -4.39046 -3.32802 8.74771 1.28555 -8.17097 12.236 4.43118 4.39623 -2.52713 4.40663 1.14472 -16.2223 -1.84603 10.5515 vector 22 13.2616 2.342 -5.06731 12.5122 1.68572 -9.80603 -8.89045 13.2462 -3.48618 -4.7896 8.88417 -0.60789 -7.55122 13.388 4.48477 5.68988 -1.55573 1.00455 2.64056 -17.3529 -4.41932 9.66682 vector 22 14.2494 2.342 -5.81356 12.4522 2.22525 -9.54853 -8.12955 13.5185 -4.39046 -5.73426 8.6815 0.912083 -7.56072 10.7202 2.69215 4.95598 -0.656957 2.50428 3.22146 -16.9355 -2.96025 9.66682 vector 22 14.2494 1.15232 -4.67991 11.7698 2.38634 -8.9607 -8.89045 13.8796 -4.39046 -3.32802 8.8675 1.05364 -8.94069 12.236 4.33648 4.8495 -1.55573 2.73365 3.12711 -17.3529 -4.31197 10.5515 vector 22 14.2494 1.15232 -4.67991 11.7698 2.38634 -9.54286 -8.89045 13.8796 -4.39046 -3.32802 8.8675 1.05364 -8.94069 12.236 4.29844 4.63871 -1.55573 2.07002 3.22146 -17.3529 -2.0863 10.1992 vector 22 14.8935 1.44428 -5.75114 11.9753 0.744525 -10.1648 -8.89045 13.0667 -3.78384 -3.32802 9.16633 1.47898 -8.94069 12.236 4.07844 4.31293 -2.38368 4.68342 1.14472 -16.2223 -3.05623 10.5515 vector 22 14.2494 2.342 -6.57192 12.4522 2.22525 -8.98398 -8.39462 13.6781 -3.48618 -2.83037 9.16633 1.05364 -8.69843 12.236 4.43118 4.31293 -2.52713 4.40663 1.14472 -16.2223 -2.0863 10.5515 vector 22 9.80451 2.342 -5.90775 12.6648 0.744525 -9.46398 -9.23118 12.8066 -4.39046 -3.32802 8.88417 0.813154 -8.22587 12.5019 4.43098 5.87382 -1.72202 4.40663 1.00493 -16.2223 -2.0863 10.1318 vector 22 14.2494 1.15232 -4.67991 11.7698 2.38634 -9.54286 -8.89045 13.8796 -4.39046 -3.32802 8.8675 1.05364 -8.94069 12.236 4.33648 4.8495 -1.79217 2.07002 3.22146 -17.3529 -4.31197 9.35614 vector 22 13.9655 2.35015 -5.59351 11.9753 -0.187796 -8.99457 -8.8712 13.5185 -3.94902 -3.32802 9.07631 1.05364 -8.85169 12.5019 4.92925 4.96463 -2.39473 2.95107 2.29994 -17.2826 -4.31197 9.84028 vector 22 12.9134 3.80031 -5.39946 12.5328 4.39034 -9.86554 -9.75741 13.8796 -3.80313 -4.93693 9.24046 0.912083 -7.56072 10.7202 2.69215 5.32711 -0.476369 1.53868 2.64056 -17.3529 -4.31197 9.66682 vector 22 13.859 4.63244 -4.74847 11.7401 3.4984 -9.06034 -9.75741 13.8796 -4.44946 -3.32802 8.88417 0.236178 -9.06565 11.63 4.33648 5.75931 -1.55573 2.07002 2.87673 -17.2994 -4.09217 9.08341 vector 22 10.864 0.177826 -5.06731 12.3086 1.68572 -9.54853 -8.89045 13.0433 -4.39046 -3.32802 8.74771 1.28555 -8.01548 12.5019 3.79097 7.52454 -0.782657 2.78183 3.19462 -17.2826 -4.04193 9.50618 vector 22 14.2494 2.342 -5.81356 12.4522 2.22525 -9.54853 -8.89045 13.5185 -4.39046 -5.73426 8.6815 0.912083 -7.56072 10.7202 3.39818 4.95598 -0.656957 2.50428 3.22146 -17.2552 -2.96025 9.66682 vector 22 13.2616 2.342 -5.06731 12.5122 1.68572 -9.80603 -8.89045 13.2462 -3.48618 -4.7896 8.88417 -0.60789 -7.55122 13.388 4.48477 5.68988 -1.55573 1.00455 2.64056 -17.3529 -4.41932 9.66682 vector 22 13.9655 2.35015 -5.59351 11.9753 -0.187796 -9.80603 -8.89045 13.2462 -3.48618 -4.7896 8.88417 -0.60789 -7.55122 13.388 4.48477 5.68988 -1.55573 1.00455 2.56995 -17.2552 -2.96025 9.66682 vector 22 13.2616 2.342 -5.06731 12.5122 1.68572 -8.99457 -8.8712 13.5185 -3.94902 -3.32802 9.07631 0.779685 -8.85169 12.1702 4.02071 4.96463 -2.39473 2.95107 3.28322 -17.2826 -4.31197 9.84028 vector 22 13.859 3.80031 -4.67991 10.884 2.38634 -9.54286 -8.89045 13.8796 -4.39046 -3.28981 8.8675 1.05364 -8.94069 12.236 4.33648 4.8495 -1.55573 2.07002 3.99688 -17.3529 -4.31197 9.35614 vector 22 14.2494 1.15232 -4.74847 11.7401 3.4984 -9.63793 -9.75741 13.8796 -3.86502 -3.97826 8.88417 0.236178 -8.94069 12.236 4.33648 5.22424 -0.861854 2.07002 3.78336 -17.2826 -4.31197 11.0858 vector 22 14.2494 2.342 -5.43083 12.4522 2.82537 -9.54853 -8.89045 13.8796 -3.48618 -3.32802 9.16633 1.05364 -8.94069 12.236 4.43118 4.31293 -2.52713 4.01676 1.14472 -16.9149 -2.14876 11.0858 vector 22 14.7307 2.07313 -5.16535 12.4522 1.68572 -9.52128 -8.89045 13.5185 -3.72519 -3.27786 9.28157 0.813154 -8.22587 11.9208 3.79097 5.87382 -0.782657 2.78183 3.35305 -17.5081 -4.31197 9.50618 vector 22 14.2494 2.67047 -5.81356 12.4522 1.68572 -9.54853 -8.89045 13.5185 -4.39046 -3.32802 8.74771 1.28555 -8.22587 12.5019 3.22291 6.62009 -0.782657 2.78183 3.19462 -17.2826 -4.04193 9.50618 vector 22 10.864 0.177826 -5.06731 11.4741 2.22525 -9.54853 -8.89045 13.8796 -3.3245 -4.00042 9.16633 1.05364 -8.94069 12.236 4.43118 4.45883 -2.52713 4.40663 1.14472 -16.2223 -2.0863 10.5515 vector 22 14.2494 2.342 -5.81356 11.975 2.22525 -9.54853 -8.89045 13.5412 -3.48618 -3.32802 9.16633 1.05364 -8.94069 12.236 4.43118 4.31293 -2.81467 4.40663 1.14472 -16.2223 -2.14876 9.25362 vector 22 13.3346 3.80031 -5.39946 12.8488 4.39034 -9.86554 -9.75741 13.2285 -3.80313 -4.93693 9.24046 0.255334 -7.69499 10.7202 2.69215 4.95598 -0.656957 2.50428 2.64056 -17.3529 -4.31197 9.66682 vector 22 14.2494 2.342 -5.81356 12.4522 2.22525 -9.54853 -9.63528 13.5185 -4.39046 -5.73426 8.6815 0.912083 -7.56072 12.236 4.29258 4.63871 -1.55573 2.07002 3.22146 -17.3529 -2.0863 10.5515 vector 22 14.2494 1.15232 -4.67991 11.7698 2.38634 -9.54286 -8.89045 13.8796 -4.39046 -3.32802 8.8675 1.05364 -8.94069 10.7202 2.69215 4.95598 -0.656957 2.50428 2.64056 -17.3529 -4.41932 9.66682 vector 22 14.2494 2.342 -5.43083 13.2431 2.82537 -9.54853 -8.89045 13.8796 -3.48618 -3.32802 9.16633 1.05364 -8.94069 12.236 4.43118 4.31293 -1.55243 4.01676 1.14472 -16.2223 -4.09217 9.08341 vector 22 13.859 4.63244 -4.74847 11.7401 3.4984 -9.06034 -9.75741 14.2637 -3.86502 -4.14087 8.50787 0.236178 -8.94069 12.5642 4.33648 5.75931 -1.55573 2.07002 3.78336 -17.2994 -2.14876 11.0858 0.519401 0.506577 0.520501 0.506905 0.514214 0.485371 0.51678 0.450102 0.445479 0.460404 0.411775 0.464485 0.33845 0.466863 0.449425 0.424123 0.361928 0.443905 0.405603 0.367768 0.369546 0.398396 0.359328 0.470943 0.408933 0.414084 0.452573 0.458013 0.425152 0.340408 0.450013 0.439985 0.473801 0.453516 0.428295 0.450535 0.441328 0.463476 0.453416 0.401201 0.491099 0.494317 0.476212 0.451105 0.458696 0.507296 0.451267 0.430156 0.414944 0.557001 0.493521 0.526574 0.51854 0.453606 0.43832 0.486143 0.518209 0.473675 0.467538 0.442462 0.452317 0.503024 0.461038 0.514321 0.504206 0.490042 0.436822 0.429321 0.455651 0.471171 0.454357 0.490758 0.489134 0.545947 0.455135 0.407535 0.486339 0.404098 0.456757 0.432028 0.472533 0.500401 0.426966 0.422433 0.432548 0.453733 0.407381 0.496299 0.438123 0.378857 0.411086 0.515902 0.426004 0.364072 0.423524 0.454378 0.426515 0.428589 0.488155 0.472504 0.458512 0.489197 0.47273 0.517171 0.519495 0.566934 0.497151 0.47475 0.488351 0.476409 0.481683 0.526008 0.511528 0.527056 0.566143 0.537143 0.507104 0.527238 0.533349 0.550242 0.512337 0.494866 0.49582 0.482361 0.503791 0.534044 0.617986 0.599175 0.5473 0.507686 0.56746 0.542587 0.49781 0.596922 0.563702 0.56202 0.540786 0.571569 0.601675 0.501448 0.577833 0.620222 0.548942 0.553385 0.50254 0.636056 0.612667 0.566194 0.460594 0.512221 0.568528 0.584119 0.459183 0.604944 0.527512 0.536278 0.585309 0.6145 0.57796 0.59247 0.556198 0.63831 0.440175 0.553143 0.498507 0.594167 0.585919 0.572064 0.46881 0.57539 0.502967 0.54925 0.553233 0.542023 0.55173 0.457964 0.55218 0.454468 0.435516 0.466357 0.495894 0.449872 0.42795 0.47075 0.515661 0.430005 0.506071 0.446502 0.503172 0.410586 0.450307 0.434476 0.509267 0.460135 0.393533 0.403122 0.464397 0.476813 0.537589 0.4591 0.428218 0.46548 0.4998 0.461357 0.50272 0.44368 0.431482 0.469607 0.477774 0.449277 0.512258 0.468874 0.442782 0.496599 0.427373 0.470728 0.505692 0.49938 0.500303 0.423111 0.502326 0.491002 0.447123 0.492102 0.51266 0.468017 0.498636 0.487769 0.463181 0.397323 0.485312 0.417377 0.483754 0.472985 0.429683 0.443254 0.457524 0.41933 0.483193 0.453956 0.485488 0.462474 0.441648 0.472802 0.509825 0.484923 0.552071 0.535458 0.502421 0.455925 0.445029 0.494649 0.422689 0.450909 0.483128 0.530155 0.510238 0.530627 0.510528 0.566087 0.473873 0.562794 0.632572 0.570089 0.551004 0.527143 0.534369 0.507513 0.523099 0.561851 0.520931 0.513413 0.501192 0.476504 0.480064 0.415046 0.485816 0.479622 0.42921 0.446121 0.495696 0.483106 0.41959 0.478668 0.595807 0.484496 0.507103 0.532278 0.541036 0.531917 0.440365 0.497151 0.463848 0.556664 0.471574 0.592329 0.538939 0.54371 0.588106 0.556365 0.669889 0.517829 0.555333 0.638232 0.63023 0.469012 0.491496 0.472778 0.527397 0.47248 0.571 0.578127 0.540056 0.556897 0.540233 0.54204 0.530921 0.520934 0.499996 0.526483 0.49137 0.576 0.49123 0.529921 0.52375 0.47143 0.439169 0.521013 0.430123 0.53052 0.559369 0.562679 0.52825 0.512405 0.599484 0.600083 0.575675 0.51835 0.540627 0.529845 0.62773 0.538091 0.550786 0.54814 0.51098 0.535599 0.572611 0.632056 0.638504 0.454143 0.573206 0.622476 0.59606 0.626845 0.50968 0.590333 0.623278 0.576722 0.655 0.647944 0.583059 0.575444 0.541648 0.483286 0.551425 0.47331 0.52823 0.517726 0.519818 0.541675 0.586556 0.459503 0.557012 0.523063 0.528671 0.513349 0.616393 0.654136 0.548436 0.513844 0.569712 0.523754 0.574611 0.538754 0.537758 0.575651 0.577873 0.492603 0.536655 0.536974 0.49573 0.563188 0.556996 0.587037 0.626111 0.580726 0.550698 0.615365 0.550445 0.5615 0.601222 0.623373 0.507286 0.556456 0.549475 0.59371 0.526238 0.503393 0.58527 0.563587 0.534247 0.549889 0.50521 0.46188 0.534148 0.504188 0.567123 0.515155 0.472351 0.529224 0.549556 0.553907 0.538053 0.549779 0.507642 0.53129 0.555378 0.437627 0.515933 0.57102 0.523873 0.558071 0.47306 0.551179 0.547425 0.506115 0.535937 0.533595 0.543929 0.475564 0.450452 0.468849 0.598206 0.466419 0.551449 0.519402 0.453556 0.51596 0.469587 0.490385 0.441615 0.494008 0.44059 0.482318 0.424097 0.537595 0.422997 0.474302 0.427603 0.451203 0.498258 0.484316 0.501369 0.482319 0.578006 0.557512 0.526135 0.621929 0.633206 0.639 0.73827 0.643706 0.582111 0.627722 0.671944 0.606302 0.646722 0.597476 0.625611 0.602032 0.547442 0.546962 0.608278 0.502234 0.540262 0.589889 0.562175 0.552855 0.561895 0.520587 0.626444 0.560175 0.54621 0.706445 0.575778 0.592889 0.508341 0.563321 0.518114 0.615143 0.583056 0.579341 0.615222 0.615262 0.447925 0.438708 0.502541 0.471115 0.561428 0.547524 0.489063 0.53256 0.538635 0.569048 0.514996 0.578071 0.515102 0.446505 0.544905 0.581456 0.490481 0.548817 0.504295 0.615444 0.541306 0.486198 0.501411 0.575057 0.536275 0.546075 0.571179 0.536049 0.508314 0.525956 0.514979 0.567656 0.510944 0.539679 0.551234 0.503361 0.559025 0.598397 0.615245 0.503931 0.54146 0.525452 0.501585 0.565882 0.498691 0.415123 0.489295 0.475597 0.533857 0.485754 0.413635 0.403709 0.486919 0.427209 0.45527 0.451161 0.408052 0.445504 0.417753 0.426578 0.414253 0.480263 0.470448 0.507401 0.427649 0.452279 0.514475 0.445108 0.462402 0.426949 0.402757 0.428665 0.430865 0.450226 0.44824 0.454877 0.446335 0.493189 0.472868 0.452008 0.44193 0.407866 0.457995 0.444975 0.45214 0.435698 0.481362 0.478123 0.509275 0.449012 0.500683 0.361824 0.495302 0.453832 0.465836 0.470409 0.436789 0.542966 0.412816 0.452663 0.430217 0.461946 0.454978 0.424833 0.45162 0.361451 0.414735 0.38355 0.355008 0.357364 0.438382 0.483376 0.473393 0.434529 0.414836 0.396951 0.369023 0.458729 0.409421 0.451149 0.40018 0.489343 0.475292 0.425139 0.489921 0.514713 0.485943 0.522643 0.552333 0.49795 0.523385 0.506929 0.539423 0.497304 0.533362 0.490803 0.483304 0.492021 0.561083 0.492645 0.484186 0.534032 0.499077 0.572675 0.534568 0.513131 0.596474 0.592111 0.55123 0.621738 0.522874 0.497992 0.566171 0.575056 0.528393 0.560837 0.556193 0.616795 0.532135 0.535704 0.510702 0.597722 0.687611 0.484095 0.595004 0.56127 0.571889 0.580532 0.534722 0.566389 0.629425 0.605111 0.502811 0.55179 0.572222 0.546738 0.566167 0.630798 0.687222 0.599073 0.597619 0.63516 0.556278 0.529389 0.597214 0.518579 0.619722 0.638056 0.517532 0.623556 0.665892 0.588222 0.580158 0.629833 0.631214 0.617538 0.509056 0.612905 0.527056 0.565222 0.537438 0.565286 0.566847 0.568389 0.510115 0.610127 0.641722 0.571028 0.556143 0.504015 0.522048 0.509254 0.648179 0.525946 0.562982 0.499276 0.464294 0.480365 0.487362 0.527831 0.529321 0.540008 0.43322 0.445925 0.508819 0.511093 0.489278 0.515021 0.51381 0.451975 0.497348 0.516702 0.508891 0.395109 0.493374 0.528998 0.582036 0.586881 0.475925 0.480392 0.605651 0.594799 0.524091 0.579843 0.556392 0.528881 0.585182 0.577881 0.510821 0.502123 0.447482 0.515452 0.621056 0.526885 0.501318 0.525698 0.496373 0.53827 0.580599 0.546619 0.578913 0.535817 0.48096 0.488033 0.464554 0.49788 0.545676 vector 1818 0.75 0.9 0.516667 0.639286 1 0.9 0.492619 0.85 0.85 0.733333 0.553333 0.95 0.55 0.55 0.467619 0.5375 0.693333 0.653333 0.56 0.683333 0.533333 0.424286 0.736667 0.595 0.420278 0.363654 0.382778 0.366944 0.362672 0.442024 0.4425 0.410087 0.384127 0.578333 0.378452 0.534286 0.618452 0.484121 0.369444 0.375397 0.366188 0.741667 0.283847 0.383301 0.436905 0.323374 0.331591 0.396667 0.466944 0.479167 0.466667 0.385952 0.434286 0.528333 0.595 0.709286 0.495 0.491667 0.447619 0.533333 0.498333 0.533333 0.733333 0.75 0.783333 0.439286 0.432778 0.483333 0.37123 0.42 0.433333 0.340833 0.451944 0.783333 0.408056 0.341055 0.6175 0.401667 0.364567 0.564286 0.30754 0.413452 0.478089 0.45 0.55 0.481667 0.476667 0.472897 0.566667 0.483889 0.553333 0.703333 0.675 0.525 0.441591 0.85 0.634286 0.628333 0.716667 0.658333 0.501786 0.492619 0.491667 0.561667 0.581667 0.606667 0.833333 0.614286 0.75 0.475 0.816667 0.766667 0.9 0.741667 0.69 0.715 1 0.9 0.7 0.691667 0.691667 0.633333 0.858333 0.55 0.733333 0.741667 0.575 0.816667 0.506667 0.55 0.541667 0.633333 0.645 0.65 0.455 0.5325 0.675 0.605 0.7 0.450833 0.683333 0.603175 0.75 0.55 0.678333 0.532619 0.414286 0.717619 0.733333 0.536667 0.583333 0.733333 0.6 0.933333 0.566667 0.503333 0.6 0.95 0.833333 0.683333 0.741667 0.695 0.7 0.527738 0.85 0.625 0.625952 0.816667 1 0.675 0.683333 0.532778 0.45 0.598571 0.485119 0.583333 0.511667 0.61 0.533333 0.8 0.539286 0.481667 0.666667 0.556667 0.741667 0.641667 0.716667 0.658333 0.773333 0.606667 0.466667 0.57 0.567619 0.95 0.583333 0.661667 0.533333 0.675 0.561667 0.598611 0.6125 0.508333 0.586786 0.492619 0.494286 0.541667 0.536667 0.75 0.7 0.653333 0.525 0.7 0.866667 0.716667 0.675 0.623333 0.55 0.661667 0.716667 1 0.9 0.55 1 0.866667 0.728333 1 1 0.8 0.716667 0.616667 0.55 0.695 0.858333 0.636667 0.608333 1 0.625 0.866667 1 0.575952 0.686667 0.683333 0.7 0.9 0.95 0.62 0.85 0.716667 0.95 1 0.8 0.8 0.608333 1 0.9 0.9 1 0.95 1 1 1 0.85 1 1 1 1 0.8 1 1 1 1 1 0.816667 1 0.95 0.9 0.95 0.833333 0.95 1 0.8 0.85 1 1 1 1 1 1 0.883333 1 0.65 0.9 0.833333 0.825 0.783333 0.766667 1 1 1 0.758333 0.9 0.9 1 0.75 1 1 1 0.8 0.75 1 0.85 0.8 0.85 1 0.85 0.733333 0.8 1 1 0.9 0.741667 1 0.75 0.95 1 1 0.833333 0.783333 0.8 0.766667 0.633333 0.95 0.616667 1 0.9 0.95 0.75 1 0.808333 1 0.883333 0.933333 0.95 0.883333 0.85 0.8 0.95 0.85 0.65 0.75 0.808333 0.766667 1 1 0.85 0.783333 0.8 1 0.9 0.883333 1 1 1 1 1 0.95 1 1 1 1 1 0.786667 0.7 0.866667 0.9 1 0.7 1 0.9 0.866667 0.87 0.95 1 0.9 1 1 1 0.95 0.9 1 1 1 0.95 0.833333 1 1 1 0.95 1 1 1 1 1 1 1 1 1 1 1 1 1 1 1 1 1 1 1 1 1 1 1 1 1 1 0.9 1 1 1 0.9 1 1 1 1 0.9 0.95 1 1 1 1 1 0.9 1 1 1 1 1 0.95 1 1 1 1 1 1 1 1 1 1 1 1 1 1 1 1 1 1 1 1 1 1 1 1 1 1 1 1 1 1 0.9 0.85 1 0.95 1 1 1 0.85 1 1 1 1 1 1 1 0.95 0.85 1 1 0.9 0.858333 0.816667 1 1 0.9 0.816667 0.833333 0.95 0.683333 0.786667 0.95 0.741667 1 1 1 1 1 1 1 1 0.9 1 1 1 0.9 1 1 1 1 1 1 0.766667 1 1 1 1 1 1 1 1 1 1 1 1 1 1 0.95 1 1 1 1 1 1 1 1 0.95 0.85 1 1 1 1 0.95 1 0.85 0.766667 1 1 1 1 1 1 1 1 1 1 1 1 1 1 1 1 1 1 0.95 1 0.733333 1 1 0.883333 1 0.75 1 0.883333 0.75 0.8 1 0.9 0.758333 1 1 0.75 1 1 0.733333 1 0.85 0.65 0.883333 1 0.866667 0.9 1 1 0.9 1 0.9 1 1 1 1 1 1 1 1 0.9 1 1 1 0.753333 1 0.95 0.833333 0.95 0.8 1 1 1 1 0.75 1 0.95 1 1 1 1 1 0.95 1 1 1 1 0.566667 0.95 0.758333 0.85 1 0.85 0.9 0.75 0.95 1 1 0.85 1 0.666667 1 1 0.766667 0.8 0.95 0.733333 0.716667 1 0.775 1 0.803333 0.95 0.95 1 0.95 0.9 0.8 1 0.95 1 1 1 1 1 1 1 1 1 1 1 1 1 1 1 1 1 1 1 1 0.95 0.85 1 1 1 0.9 0.7 1 1 1 1 1 0.933333 0.95 0.95 1 1 1 1 1 1 0.875 0.95 1 1 0.95 1 0.95 1 0.675 1 1 1 1 0.95 0.9 1 1 0.95 1 0.775 0.9 1 0.766667 0.95 0.95 0.933333 1 1 1 1 0.95 0.85 1 0.925 1 0.698333 1 1 0.708333 0.85 0.9 0.85 1 1 1 0.883333 0.95 1 1 1 1 1 1 1 1 1 1 1 1 0.95 0.9 0.95 0.75 1 1 1 0.733333 1 1 1 0.95 1 1 1 1 1 1 0.75 0.883333 1 0.95 1 1 0.95 0.816667 0.9 1 1 0.8 1 1 1 1 1 1 1 0.866667 0.95 0.95 0.95 1 1 1 0.95 1 0.95 1 1 0.658333 1 1 1 0.866667 1 0.85 1 0.95 1 0.866667 1 1 1 0.8 1 1 0.9 1 1 1 1 1 0.8 1 1 1 0.816667 1 1 0.95 0.85 1 1 1 1 1 1 1 0.95 1 1 1 1 1 1 1 1 0.816667 1 1 0.75 1 0.866667 0.95 1 1 1 0.95 1 1 0.866667 1 1 0.95 0.9 1 1 0.866667 1 1 1 1 0.9 0.833333 1 1 0.9 1 1 1 0.833333 1 1 1 1 1 1 1 1 1 1 1 0.95 0.85 0.766667 1 1 1 1 1 1 1 1 1 1 1 0.9 1 1 0.933333 1 1 0.85 1 1 1 0.9 1 1 0.9 1 1 1 1 1 1 1 1 0.95 1 0.733333 0.85 0.9 1 1 0.816667 0.9 1 0.9 0.816667 1 1 1 0.816667 0.85 0.85 1 0.716667 0.9 1 0.866667 1 0.883333 1 1 0.95 1 0.666667 0.85 1 0.85 0.758333 0.8 0.8 1 0.75 1 1 1 1 1 1 1 1 1 1 1 0.683333 1 1 0.95 0.9 1 0.925 1 0.883333 1 1 1 1 1 1 0.75 0.65 1 0.95 0.8 1 0.783333 0.833333 1 1 0.95 1 0.95 0.8 0.9 1 1 0.95 0.816667 1 1 0.95 0.85 0.95 1 1 1 0.95 1 0.95 0.9 0.95 1 1 0.8 1 0.65 0.95 1 1 0.85 0.866667 0.75 1 0.866667 0.95 0.758333 1 0.791667 0.816667 1 1 1 0.75 0.75 1 1 0.9 0.9 0.9 0.733333 0.9 1 0.8 1 1 0.95 1 1 1 1 0.95 0.708333 1 1 1 0.85 0.85 0.733333 0.85 1 1 0.9 1 0.85 1 1 1 1 1 1 0.8 0.816667 1 0.9 1 0.95 1 1 1 1 0.75 0.808333 1 1 1 1 1 0.883333 0.95 0.95 1 1 1 0.9 1 0.95 0.6 0.95 0.9 0.85 0.95 0.9 1 0.75 1 0.95 1 1 1 1 0.95 1 0.85 1 1 1 1 1 0.95 1 1 1 1 1 0.808333 1 0.95 1 1 1 1 1 1 1 1 1 1 1 1 1 1 1 0.85 1 1 1 1 0.866667 1 0.95 0.95 1 1 1 1 0.95 1 1 1 1 0.9 0.85 1 1 1 0.75 1 1 1 1 1 0.9 1 1 1 1 1 1 1 1 0.8 1 0.95 1 0.866667 0.866667 0.9 1 1 1 0.75 0.95 1 1 0.85 0.95 1 0.7 1 1 1 1 1 0.85 1 0.845 1 0.95 0.853333 1 1 0.9 1 1 1 1 0.933333 0.733333 1 1 1 0.8 1 1 1 1 1 1 1 1 1 1 0.95 0.95 0.95 1 1 1 0.95 0.808333 0.833333 1 0.9 1 1 0.95 1 0.883333 1 1 1 1 0.758333 1 1 0.783333 0.866667 1 1 1 1 0.95 1 0.9 1 1 1 1 0.95 1 0.85 1 1 1 0.95 1 0.883333 1 0.8 0.9 1 0.75 1 0.95 0.9 0.775 0.866667 1 1 1 1 1 1 1 1 0.95 1 0.825 1 1 1 1 1 1 1 1 1 1 0.866667 0.95 1 1 1 1 1 0.95 1 1 1 0.95 0.75 0.9 1 0.816667 1 0.8 0.95 0.85 0.733333 0.7 1 0.773333 1 1 1 1 1 1 1 1 1 1 1 1 1 1 1 1 1 1 1 1 1 1 1 1 1 1 1 1 1 1 1 1 1 1 1 1 0.9 1 0.9 0.8 0.85 1 0.95 1 1 1 0.9 1 1 1 0.925 0.95 1 0.95 1 1 1 0.95 1 1 1 1 1 0.9 1 1 1 1 1 1 0.933333 1 1 1 1 1 1 1 0.741667 1 1 1 1 0.883333 0.85 1 0.9 1 1 1 1 1 1 1 1 1 1 1 0.711667 1 1 1 1 0.9 1 1 1 1 1 1 0.883333 0.95 0.8 1 1 1 1 0.8 1 0.9 0.95 1 1 0.816667 1 0.85 0.95 0.95 1 0.9 1 1 1 1 1 1 1 1 1 1 1 1 1 1 1 1 1 1 1 1 1 1 1 1 1 1 1 1 1 1 1 1 1 1 1 1 1 1 1 1 1 1 1 1 1 1 0.803333 0.95 0.8 1 1 1 1 1 1 1 1 1 0.85 1 1 0.9 1 1 1 1 1 1 1 0.95 1 1 1 1 1 1 1 0.95 1 1 0.825 1 1 1 1 1 1 1 1 0.95 0.733333 1 1 1 1 0.85 1 1 0.9 1 0.9 0.683333 1 0.875 1 0.8 0.9 0.883333 1 1 1 1 1 0.858333 0.9 0.75 0.95 0.95 1 1 0.766667 0.666667 1 1 0.8 0.95 0.628333 1 1 0.866667 0.675 0.95 0.9 1 1 1 0.85 1 0.9 0.883333 1 0.9 1 0.75 1 0.75 0.8 1 0.866667 0.866667 0.75 0.703333 0.716667 0.67 0.933333 0.833333 0.95 0.883333 0.816667 1 1 0.8 0.85 1 0.95 0.75 1 0.766667 0.9 0.9 0.8 0.9 0.95 1 0.816667 1 1 1 1 1 1 1 1 1 1 1 1 0.85 1 1 1 1 1 1 1 1 1 0.866667 1 1 1 1 1 1 1 0.9 1 1 1 1 1 1 1 1 1 1 1 1 1 1 1 1 1 1 1 1 1 1 1 1 1 1 1 1 1 1 1 1 1 1 1 0.85 1 1 1 1 1 1 1 1 1 1 1 1 1 1 1 1 1 1 0.9 1 1 1 1 1 0.85 0.75 0.9 0.95 1 0.95 1 1 1 0.95 1 0.883333 0.745 1 1 1 1 0.866667 1 1 1 1 1 0.95 1 1 1 0.9 1 0.8 0.95 0.95 1 1 1 1 1 1 1 1 1 1 1 1 1 1 1
vector 22 0.598912 0.893543 -0.0859534 0.203569 -0.779511 0.824233 -0.24166 0.560022 0.585904 0.217611 1.22814 -0.902249 -1.20597 -0.744276 -0.336054 0.798134 -0.825191 0.404134 0.397296 -0.400349 -0.0944061 -0.0145558 vector 22 14.2494 2.342 -5.81356 11.975 2.22525 -9.54853 -8.89045 13.5412 -3.48618 -3.32802 9.16633 1.05364 -8.94069 12.236 4.43118 4.31293 -2.52713 4.40663 1.14472 -16.2223 -2.14876 9.25362 30
vector 22 14.3873 1.44428 -5.75114 11.9753 0.744525 -8.98398 -9.23118 14.0409 -4.00328 -2.83037 9.16633 1.05364 -8.94069 12.5019 3.79097 6.62009 -0.782657 2.58819 3.19462 -17.2826 -4.22826 9.50618 vector 22 10.864 0.177826 -5.06731 12.4522 1.68572 -9.54853 -8.89045 13.5185 -4.39046 -3.32802 8.74771 1.28555 -8.17097 12.236 4.43118 4.39623 -2.52713 4.40663 1.14472 -16.2223 -1.84603 10.5515 vector 22 13.2616 2.342 -5.06731 12.5122 1.68572 -9.80603 -8.89045 13.2462 -3.48618 -4.7896 8.88417 -0.60789 -7.55122 13.388 4.48477 5.68988 -1.55573 1.00455 2.64056 -17.3529 -4.41932 9.66682 vector 22 14.2494 2.342 -5.81356 12.4522 2.22525 -9.54853 -8.12955 13.5185 -4.39046 -5.73426 8.6815 0.912083 -7.56072 10.7202 2.69215 4.95598 -0.656957 2.50428 3.22146 -16.9355 -2.96025 9.66682 vector 22 14.2494 1.15232 -4.67991 11.7698 2.38634 -8.9607 -8.89045 13.8796 -4.39046 -3.32802 8.8675 1.05364 -8.94069 12.236 4.33648 4.8495 -1.55573 2.73365 3.12711 -17.3529 -4.31197 10.5515 vector 22 14.2494 1.15232 -4.67991 11.7698 2.38634 -9.54286 -8.89045 13.8796 -4.39046 -3.32802 8.8675 1.05364 -8.94069 12.236 4.29844 4.63871 -1.55573 2.07002 3.22146 -17.3529 -2.0863 10.1992 vector 22 14.8935 1.44428 -5.75114 11.9753 0.744525 -10.1648 -8.89045 13.0667 -3.78384 -3.32802 9.16633 1.47898 -8.94069 12.236 4.07844 4.31293 -2.38368 4.68342 1.14472 -16.2223 -3.05623 10.5515 vector 22 14.2494 2.342 -6.57192 12.4522 2.22525 -8.98398 -8.39462 13.6781 -3.48618 -2.83037 9.16633 1.05364 -8.69843 12.236 4.43118 4.31293 -2.52713 4.40663 1.14472 -16.2223 -2.0863 10.5515 vector 22 9.80451 2.342 -5.90775 12.6648 0.744525 -9.46398 -9.23118 12.8066 -4.39046 -3.32802 8.88417 0.813154 -8.22587 12.5019 4.43098 5.87382 -1.72202 4.40663 1.00493 -16.2223 -2.0863 10.1318 vector 22 14.2494 1.15232 -4.67991 11.7698 2.38634 -9.54286 -8.89045 13.8796 -4.39046 -3.32802 8.8675 1.05364 -8.94069 12.236 4.33648 4.8495 -1.79217 2.07002 3.22146 -17.3529 -4.31197 9.35614 vector 22 13.9655 2.35015 -5.59351 11.9753 -0.187796 -8.99457 -8.8712 13.5185 -3.94902 -3.32802 9.07631 1.05364 -8.85169 12.5019 4.92925 4.96463 -2.39473 2.95107 2.29994 -17.2826 -4.31197 9.84028 vector 22 12.9134 3.80031 -5.39946 12.5328 4.39034 -9.86554 -9.75741 13.8796 -3.80313 -4.93693 9.24046 0.912083 -7.56072 10.7202 2.69215 5.32711 -0.476369 1.53868 2.64056 -17.3529 -4.31197 9.66682 vector 22 13.859 4.63244 -4.74847 11.7401 3.4984 -9.06034 -9.75741 13.8796 -4.44946 -3.32802 8.88417 0.236178 -9.06565 11.63 4.33648 5.75931 -1.55573 2.07002 2.87673 -17.2994 -4.09217 9.08341 vector 22 10.864 0.177826 -5.06731 12.3086 1.68572 -9.54853 -8.89045 13.0433 -4.39046 -3.32802 8.74771 1.28555 -8.01548 12.5019 3.79097 7.52454 -0.782657 2.78183 3.19462 -17.2826 -4.04193 9.50618 vector 22 14.2494 2.342 -5.81356 12.4522 2.22525 -9.54853 -8.89045 13.5185 -4.39046 -5.73426 8.6815 0.912083 -7.56072 10.7202 3.39818 4.95598 -0.656957 2.50428 3.22146 -17.2552 -2.96025 9.66682 vector 22 13.2616 2.342 -5.06731 12.5122 1.68572 -9.80603 -8.89045 13.2462 -3.48618 -4.7896 8.88417 -0.60789 -7.55122 13.388 4.48477 5.68988 -1.55573 1.00455 2.64056 -17.3529 -4.41932 9.66682 vector 22 13.9655 2.35015 -5.59351 11.9753 -0.187796 -9.80603 -8.89045 13.2462 -3.48618 -4.7896 8.88417 -0.60789 -7.55122 13.388 4.48477 5.68988 -1.55573 1.00455 2.56995 -17.2552 -2.96025 9.66682 vector 22 13.2616 2.342 -5.06731 12.5122 1.68572 -8.99457 -8.8712 13.5185 -3.94902 -3.32802 9.07631 0.779685 -8.85169 12.1702 4.02071 4.96463 -2.39473 2.95107 3.28322 -17.2826 -4.31197 9.84028 vector 22 13.859 3.80031 -4.67991 10.884 2.38634 -9.54286 -8.89045 13.8796 -4.39046 -3.28981 8.8675 1.05364 -8.94069 12.236 4.33648 4.8495 -1.55573 2.07002 3.99688 -17.3529 -4.31197 9.35614 vector 22 14.2494 1.15232 -4.74847 11.7401 3.4984 -9.63793 -9.75741 13.8796 -3.86502 -3.97826 8.88417 0.236178 -8.94069 12.236 4.33648 5.22424 -0.861854 2.07002 3.78336 -17.2826 -4.31197 11.0858 vector 22 14.2494 2.342 -5.43083 12.4522 2.82537 -9.54853 -8.89045 13.8796 -3.48618 -3.32802 9.16633 1.05364 -8.94069 12.236 4.43118 4.31293 -2.52713 4.01676 1.14472 -16.9149 -2.14876 11.0858 vector 22 14.7307 2.07313 -5.16535 12.4522 1.68572 -9.52128 -8.89045 13.5185 -3.72519 -3.27786 9.28157 0.813154 -8.22587 11.9208 3.79097 5.87382 -0.782657 2.78183 3.35305 -17.5081 -4.31197 9.50618 vector 22 14.2494 2.67047 -5.81356 12.4522 1.68572 -9.54853 -8.89045 13.5185 -4.39046 -3.32802 8.74771 1.28555 -8.22587 12.5019 3.22291 6.62009 -0.782657 2.78183 3.19462 -17.2826 -4.04193 9.50618 vector 22 10.864 0.177826 -5.06731 11.4741 2.22525 -9.54853 -8.89045 13.8796 -3.3245 -4.00042 9.16633 1.05364 -8.94069 12.236 4.43118 4.45883 -2.52713 4.40663 1.14472 -16.2223 -2.0863 10.5515 vector 22 14.2494 2.342 -5.81356 11.975 2.22525 -9.54853 -8.89045 13.5412 -3.48618 -3.32802 9.16633 1.05364 -8.94069 12.236 4.43118 4.31293 -2.81467 4.40663 1.14472 -16.2223 -2.14876 9.25362 vector 22 13.3346 3.80031 -5.39946 12.8488 4.39034 -9.86554 -9.75741 13.2285 -3.80313 -4.93693 9.24046 0.255334 -7.69499 10.7202 2.69215 4.95598 -0.656957 2.50428 2.64056 -17.3529 -4.31197 9.66682 vector 22 14.2494 2.342 -5.81356 12.4522 2.22525 -9.54853 -9.63528 13.5185 -4.39046 -5.73426 8.6815 0.912083 -7.56072 12.236 4.29258 4.63871 -1.55573 2.07002 3.22146 -17.3529 -2.0863 10.5515 vector 22 14.2494 1.15232 -4.67991 11.7698 2.38634 -9.54286 -8.89045 13.8796 -4.39046 -3.32802 8.8675 1.05364 -8.94069 10.7202 2.69215 4.95598 -0.656957 2.50428 2.64056 -17.3529 -4.41932 9.66682 vector 22 14.2494 2.342 -5.43083 13.2431 2.82537 -9.54853 -8.89045 13.8796 -3.48618 -3.32802 9.16633 1.05364 -8.94069 12.236 4.43118 4.31293 -1.55243 4.01676 1.14472 -16.2223 -4.09217 9.08341 vector 22 13.859 4.63244 -4.74847 11.7401 3.4984 -9.06034 -9.75741 14.2637 -3.86502 -4.14087 8.50787 0.236178 -8.94069 12.5642 4.33648 5.75931 -1.55573 2.07002 3.78336 -17.2994 -2.14876 11.0858 
