Population\_8Predator
GeneticAlgorithm\_8Predator
0.7
0.1
1
30
0
0
1
2
0
map 3
0 0.75
1 2
2 1
map 1
0 2
not-ownsdata
2
1818
vector 1818 4.27333 4.04667 4.42667 4.46 3.51333 3.86 5.16 4.26667 4.99333 5.28667 5.04 5.68667 5.06667 6.42 8.28667 7.03333 7.32 8.09333 6.79333 7.12 6.04 7.29333 8.91333 9.38 9.41333 9.68 10.5467 9.84 9.90667 9.29333 9.13333 8.87333 8.67333 8.29333 8.71333 7.84 8.57333 8.4 9.64 8.46667 9.49333 9.69333 10.5533 10.58 9.19333 9.34 10.0067 8.98 10.8067 9.07333 10.2133 9.66 7.64 7.72667 7.54667 5.57333 6.07333 6.06 6.87333 6.44 6.48 5.48 5.27333 4.81333 4.98667 5.7 5.92 7.17333 6.15333 7.81333 6.7 7.00667 7.24 7.64667 7.85333 8.87333 8.36667 7.54 8.26 6.70667 8.18 7.44 7.26 7.89333 6.7 6.53333 7.79333 6.8 7.65333 7.57333 7.78667 7.58 7.59333 6.71333 6.64 7.34 6.15333 5.78667 5.82667 5.50667 5.81333 5.56667 5.62667 5.65333 5.31333 5.26 5.28667 4.98 4.01333 5.70667 5.64 4.00667 4.37333 4.18 4.09333 4.78 4.18667 4.57333 4.56667 4.07333 4.24 4.2 4.49333 4.48667 4.39333 5.24667 4.99333 5.32 4.80667 5.34667 5.19333 4.86667 5.06 5.61333 6.63333 5.88 5.42 5.68 4.84 4.78 4.74667 5.36667 5.08 4.83333 4.87333 5.53333 5.48 5.71333 4.9 4.80667 4.8 5.84667 5.2 5.82667 5.20667 5.36 5.14667 4.65333 5.25333 5.06 4.44 4.00667 5.11333 5.29333 4.92 4.2 4.16667 4.23333 4.12667 5.22 3.96 5.73333 5.64667 5.06667 5.12667 4.56667 5.44667 4.41333 5.11333 5.34 4.98667 5.18 5.72667 4.76667 3.96667 4.18667 4.39333 4.37333 4.86667 4.89333 5.36 5.22 4.69333 4.26 4.4 4.06667 4.98667 5.31333 4.86 4.95333 4.32667 5.66667 5.21333 5.46667 5.07333 5.14667 4.72667 4.54 5.20667 4.78 4.76 4.67333 4.78 4.36 4.99333 4.92 4.99333 4.46 4.54667 3.73333 3.7 3.87333 3.51333 3.57333 4.52 3.89333 3.76 3.26667 3.19333 3.86667 4.04667 3.98667 3.61333 4.14 3.87333 3.46 4.42667 4.15333 3.94667 3.91333 4.94667 3.88 3.92667 4.00667 4.13333 3.72 3.59333 3.19333 3.37333 3.02667 2.9 3.25333 3.38 3.18667 2.70667 2.94667 2.54667 2.85333 2.91333 2.26667 2.32667 2.8 2.34667 2.64 2.56 2.12667 2.36 2.75333 2.85333 2.6 2.80667 3.10667 2.88 2.87333 2.91333 2.85333 2.54 2.41333 2.85333 2.45333 2.36 2.7 2.58667 2.74667 2.3 1.80667 2.30667 2.37333 2.55333 2.36 2.77333 2.40667 2.66667 3.06 2.64667 2.75333 2.42667 2.66 2.94 2.49333 2.72667 2.48 2.93333 2.86667 2.34667 2.18667 2.60667 2.77333 3.19333 2.38667 3.12 3.24667 2.93333 3.22 3.15333 2.84 3.38667 3.32667 2.63333 3.11333 2.95333 2.82 2.86 2.68667 2.86667 3.19333 2.66 2.54 2.95333 2.88 3.04 2.19333 2.50667 2.12667 2.01333 2.28667 2.66 2.64667 2.84 2.44 2.44667 2.8 2.77333 2.48 2.62667 2.54 2.85333 2.40667 3.29333 2.39333 3 2.42667 2.32 2.4 2.40667 2.88667 2.34 1.78667 2.71333 2.56667 2.12 1.88667 2.04667 1.56667 1.96 2.06667 1.5 2.24 1.99333 2.07333 1.68 1.65333 2.42 2.06667 1.93333 2.92667 2.89333 2.17333 2.63333 2.34667 2.34 2.32667 2.5 2.42667 2.06667 2.22667 1.63333 2.56 2.12 1.96667 2.01333 2.2 2.1 2.37333 2.12667 2.07333 1.78 2.44667 1.48667 2.05333 1.9 1.62 1.68667 1.64667 1.4 1.26667 1.28 1.66 1.22667 1.43333 1.12667 1.31333 1.09333 1.22 1.07333 1.14 1.35333 1.23333 1.16 1.56667 1.5 1.48667 1.78667 1.72 1.75333 1.84667 1.64667 1.27333 1.9 1.76 1.43333 1.57333 1.58667 1.96667 1.84 1.94667 1.96 1.74667 1.93333 1.92667 2.10667 1.7 1.78667 1.32 1.96 1.62 1.92 1.60667 1.66667 1.44 1.56 1 1.33333 1.21333 0.926667 0.973333 1.16667 0.94 1.27333 1.08667 1.32 1.38667 1.4 1.28667 1.25333 1.19333 1.42667 2.06667 1.80667 1.88667 1.28667 1.36 1.8 2.07333 1.7 1.76 2.02 1.89333 1.67333 1.96 1.94 2.25333 1.98 1.97333 2.71333 2.90667 2.23333 2.37333 2.52 1.79333 2.61333 2.45333 2.82667 2.99333 2.33333 2.05333 2.44 3.20667 2.27333 2.00667 2.70667 2.35333 2.55333 2.70667 3.90667 3.68 3.75333 2.81333 2.8 2.56 2.24 2.02667 1.78667 2.17333 2.32667 1.77333 1.66 2.06667 1.86667 1.36667 1.44667 1.40667 1.57333 1.41333 1.58667 1.58 1.87333 1.88667 2.47333 2.04 1.76 2.02667 1.49333 1.72667 1.44667 1.32667 1.53333 1.44667 1.4 1.69333 1.56667 1.39333 1.67333 1.84667 1.51333 1.58 1.79333 2.04667 1.57333 1.82 1.64667 1.72667 2.5 2.06 1.44 2.04667 2.1 2.04667 1.89333 2.20667 1.94667 2.12 2.2 1.86667 1.66 1.54 1.8 1.70667 1.46667 1.87333 1.95333 1.80667 1.21333 1.58667 1.40667 1.75333 1.51333 1.53333 1.92 2.30667 2.36667 1.76667 2.71333 3.01333 2.67333 3.50667 2.65333 2.89333 2.76 3.44667 3.41333 3.68 3.4 2.75333 3.35333 2.62667 2.52 2.77333 2.93333 2.36667 2.61333 2.54667 2.2 2.83333 2.24 2.54667 2.58667 2.74667 2.70667 2.8 2.47333 2.44 2.98667 2.22 2.90667 2.04 2.1 1.84 1.64 1.85333 1.48667 2.33333 1.75333 1.93333 1.92 1.99333 2.18 2.22667 2.76667 2.66 2.56667 2.06 2.14 2.49333 2.13333 2.82 2.34667 2.12667 2.34 2.66 2.70667 2.25333 2.02 2.87333 2.52 2.89333 2.45333 2.24 3.26667 2.81333 2.47333 2.69333 2.44667 2.44 2.15333 2.61333 1.91333 2.06 2.22667 2.63333 2.67333 2.84 2.28 2.82667 2.89333 2.69333 2.31333 2.62 2.73333 2.74 2.85333 2.5 2.34 2.3 2.1 2.06 2.46667 2.78667 2.25333 1.86667 2.00667 2.07333 2.15333 1.96 2.1 1.82667 1.85333 1.48 1.55333 1.45333 1.80667 1.64667 1.94667 1.63333 1.54667 1.62 1.37333 1.98 1.82 1.80667 1.94667 1.94 2.31333 2.00667 2.34 1.73333 2.02667 2.64 1.98 1.63333 1.6 1.83333 1.72667 1.86667 2.16 1.82 2.08 2.35333 1.54 1.96667 2.19333 2.00667 2.26 2.31333 2.65333 2.48 2.55333 2.78667 2.04667 2.1 2.38667 2.43333 2.08667 2.38 2.21333 2.58 2.28 2.66667 2.48 2.66667 1.99333 2.36 2.33333 2.06 2.12 2.17333 1.82 2.13333 1.92 2.42667 2.33333 2.34 2.15333 2.18 2.08 2.14667 1.77333 2.43333 2.14 2.60667 2.65333 2.08 2.25333 2.38667 2.26 2.06667 1.94667 2.08 2.14667 1.78 1.66667 2.24667 1.94 2.04667 1.7 2.1 2.21333 2.12 2.24 2.16667 2.72 1.86 2.42667 2.04 2.12667 2.44 2.58 2.03333 2.6 2.9 2.10667 2.13333 2.4 2.59333 3.50667 2.67333 2.66667 2.54 2.55333 2.60667 2.25333 2.48667 2.49333 2.62667 2.79333 2.38 2.75333 2.22 2.48667 2.18667 2.31333 1.92 2.3 2.91333 2.43333 2.05333 2.58667 2.31333 2.72667 2.3 2.22 1.92667 2.04667 1.81333 1.81333 2.41333 2.9 2.61333 2.87333 2.36 2.48 1.88667 2.62 2.5 2.70667 2.67333 2.66 2.38 3.08 1.94667 2.32 2.18667 1.75333 2.79333 2.56 1.85333 2.46 2.22 2.39333 2.18667 2.20667 1.94667 1.94667 2.32667 2.32 2.16667 2.60667 2.28667 1.70667 1.66667 1.99333 2.24 1.44 1.76 1.59333 1.78667 1.42 2.02667 1.34 2.21333 1.52 1.62667 1.69333 1.67333 1.74667 2.05333 1.86 1.78 2.87333 2.19333 1.92667 2.48 1.60667 1.95333 1.84 1.72667 1.5 1.98 1.96 1.71333 2.15333 1.68 1.89333 1.7 2.00667 2.25333 2.13333 2.29333 2.18 2.42667 2 1.56 1.68667 1.78 2.26667 1.87333 2.18 1.85333 2.23333 1.73333 2.18 2.62667 2.45333 2.22667 2.06 2.06667 1.60667 1.8 1.82 2.54667 1.97333 2.57333 2.17333 2.48667 2.52667 2.23333 2.26667 2.5 1.9 2.32 1.78667 1.62 2.28 2.16 1.71333 1.94667 2.02667 2.23333 1.66 1.92667 2.52 1.47333 1.84 2.00667 2.26 2.27333 2.18667 1.87333 2.04 1.24 1.87333 1.74 1.61333 1.84 2.50667 2.19333 2.44667 2.46667 2.62667 2.07333 2.04667 2.42667 2.44667 2.47333 1.98667 2.82667 2.48 2.21333 2.09333 2.06 2.38667 2.35333 2.42667 3.02667 2.17333 2.64667 2.40667 2.42 2.41333 3.04 2.48667 3.05333 2.96667 2.26 2.52 2.36667 3.21333 2.59333 2.59333 2.61333 2.94 2.41333 2.60667 2.56 2.52667 2.38 2.6 2.20667 2.49333 2.47333 2.66667 2.04 1.68 1.86667 1.91333 2.22667 2.16 2.13333 2.29333 2 1.96667 1.9 2.06 1.80667 2.13333 2.14 1.98667 2.08 1.54667 2.24667 1.83333 1.92667 2.15333 2.64667 2.22667 2.64 2.37333 2.41333 2.66 2.47333 2.98 2.39333 2.44 2.56667 2.45333 2.6 2.32667 2.31333 2.49333 2.08 2.28 2.61333 2.39333 2.60667 2.26667 3.04667 1.87333 2.31333 2.18 2.28 2.06 1.92 2.56667 2.04667 2.57333 2.35333 2.82667 2.81333 2.67333 3.64667 2.82 2.7 3.00667 3.6 2.76 3.17333 3.53333 3.66 3.02 3.47333 2.68 3.37333 3.05333 2.54667 2.52667 2.98667 3.88667 2.42 2.98 2.46667 2.66667 2.88 2.58 2.28 2.30667 2.5 2.72667 2.07333 2.12 2.47333 2.42 2.29333 2.22 2.42667 2.46667 2.8 1.94667 2.7 2.1 1.72667 2.38667 2.56 2.13333 2 2.21333 2.54667 2.26667 1.99333 2.22667 2.46667 1.89333 2.03333 2.3 2.60667 2.57333 2.26667 2.32 2.35333 2.07333 2.20667 2.00667 2.82667 3 2.53333 2.93333 2.42667 2.5 2.59333 2.28667 2.97333 2.50667 2.52667 2.45333 2.72667 2.12667 2.62667 2.86667 2.54667 2.19333 2.66 3.26667 2.42667 2.36 2.53333 2.81333 2.19333 2.04667 2.39333 2.26 2.02 1.86 1.90667 1.69333 1.80667 2.25333 2.23333 2.1 2.20667 1.65333 1.81333 1.61333 1.61333 1.63333 1.94 1.88667 1.75333 1.81333 1.73333 1.92 2.03333 2.04 1.87333 1.77333 1.54 1.36667 1.64667 1.93333 1.57333 1.60667 1.84667 1.41333 1.80667 1.56667 1.81333 1.63333 1.38 1.82667 1.34667 1.22667 1.82667 1.77333 1.71333 1.20667 1.24 1.46 2.13333 1.86667 1.64667 1.76 2.2 1.46 1.98667 1.55333 1.53333 1.23333 1.48667 1.46 1.70667 1.30667 1.9 1.59333 1.96 1.42 1.54667 1.66667 2.10667 1.72 2.37333 1.97333 1.82 1.79333 1.73333 2.36667 1.83333 2.28667 2.61333 2.18 2.20667 2.42 2.62 2.24667 2.32 2.97333 2.14667 2.5 2.14667 2.58 2.48667 2.47333 2.00667 2.30667 2.75333 2.79333 2.17333 2.35333 2.03333 2.48667 2.54667 2.15333 2.14667 2.48 2.23333 2.55333 2.89333 2.42 2.30667 2.48 2.17333 2.47333 2.48667 2.29333 2.47333 2.32 2.19333 2.18 2.02 2.64667 2.13333 2.32667 2.71333 2.14 2.12 2.54667 2.22667 2.19333 2.41333 3.14 2.21333 2.45333 2.46 2.38667 2.58667 2.58667 2.52667 3.16667 2.35333 2.31333 2.12 2.58 2.53333 2.15333 1.93333 2.09333 1.68 1.7 2.01333 2.4 2.3 2.30667 2.65333 2.50667 1.99333 1.86667 1.92 1.76 1.70667 1.54667 2.2 1.60667 1.23333 1.83333 1.64 1.68667 1.83333 1.86667 1.76667 1.74667 1.63333 1.93333 1.92667 2.30667 1.98 2.74 2.18 2.63333 2.76 2.72667 2.13333 2.22667 2.48 2.14667 1.67333 2.18667 1.88 1.69333 1.66 1.88 2.11333 2.20667 2.26 1.75333 2.28667 1.59333 1.72 1.88667 1.62667 1.56 1.12 2.04 1.45333 1.27333 1.32 1.98 1.88 2.21333 1.85333 2 1.46 1.59333 1.52667 1.46667 1.80667 1.56667 1.76 1.84667 1.85333 1.86667 2.08 1.52667 1.92667 1.71333 1.84 1.94 2.35333 2.02667 2.44 1.75333 1.75333 1.67333 1.98 1.64667 1.39333 1.46 1.57333 1.95333 1.79333 1.76 1.30667 1.72 1.58667 1.62667 1.80667 1.62667 1.36 1.2 1.38 2.24 1.53333 1.19333 1.53333 1.24667 1.82 1.42 1.16667 1.45333 1.14 1.12 1.4 1.36 1.82667 1.94 1.76667 2.11333 1.7 1.88 1.70667 1.64 1.42667 2.28 1.80667 1.7 1.72667 1.88 1.43333 1.22667 1.66667 1.86667 1.64667 1.74667 1.39333 1.68667 1.76667 1.68 1.52667 1.95333 1.79333 1.70667 2.11333 1.62 1.64667 1.54667 1.21333 1.63333 1.53333 1.26 1.63333 1.56 1.3 1.32667 1.78667 1.56667 1.74 1.44667 1.78 1.88667 1.70667 1.46 1.87333 1.63333 1.94667 2.38 1.76667 2.02667 1.76 2 2.37333 1.78 1.52 1.75333 1.88667 1.85333 1.96 1.64 1.50667 2.28 1.84 1.63333 1.98667 1.81333 2.18667 1.69333 1.62 1.82 1.66 1.77333 1.67333 1.93333 2.16 2.06667 1.32 2.02667 1.92667 2.00667 2.25333 2.10667 2.12667 2.18 2.52667 2.08 2.53333 2.08 2.55333 1.9 2.62667 2.11333 2.3 2.36667 1.95333 2.04667 1.97333 2.27333 1.50667 1.74667 1.75333 1.36 1.2 1.18 0.873333 1.25333 1.42667 1.2 0.986667 1.41333 1.01333 1.36 1.24667 1.44667 1.72667 1.65333 1.26 2.05333 1.8 1.39333 1.7 1.64667 1.68667 1.74667 1.30667 1.58 1.56667 1.04667 1.48 1.29333 1.88667 1.70667 1.82667 1.33333 1.42 1.44667 1.34667 1.42667 2.12667 2.46 2.04667 2.17333 1.68 1.68667 2.46667 1.85333 1.64 1.66667 2.01333 1.61333 2.14 2.19333 1.93333 1.83333 1.90667 1.74 1.95333 1.35333 1.68667 1.95333 1.89333 1.52 1.72667 1.68 1.49333 1.81333 2.23333 2.16667 2.1 1.64 1.81333 1.90667 1.72667 2.02 1.82 1.43333 1.68667 2.01333 1.69333 1.81333 2.12 1.68 1.98 2.45333 2.01333 2.38667 2.08667 2.28 2.38667 3.1 2.28 2.69333 2.39333 2.61333 2.73333 2.30667 2.97333 2.80667 2.68 2.23333 2.44667 2.15333 2.64667 2.62 2.07333 3.13333 2.38667 2.68667 3.25333 2.7 2.86667 2.42 2.61333 2.18667 2.22667 2.35333 2.15333 2.46667 2.6 2.54 2.35333 2.3 2.54 2.30667 2.22667 2.17333 2.12667 2.54 2.16667 3.02 2.10667 2.36 2.46667 2.42 2.72 1.78 2.46667 2.52667 2.45333 2.44667 2.63333 2.47333 2.58 3.19333 2.64 3.03333 3.38667 3.33333 2.80667 2.29333 2.4 2.32667 3.01333 3.12667 3.35333 2.50667 2.78 2.63333 2.98667 2.2 2.25333 2.46667 2.01333 1.99333 2.12 1.79333 1.7 2.11333 2.04667 1.88667 1.7 2.14667 1.98667 2.06667 2.18 1.96 1.74667 2.01333 2.4 1.71333 1.92667 1.46667 1.82 1.78 1.58 1.45333 1.7 1.39333 1.86667 2.17333 1.53333 1.52 1.87333 1.68 1.67333 1.44 1.64 2 1.78 1.33333 1.02667 1.81333 1.49333 1.64667 1.47333 1.38667 1.49333 1.47333 1.35333 1.24 2.06667 1.53333 1.41333 1.58667 1.50667 1.28667 0.926667 1.36667 1.29333 1.45333 1.46 1.67333 1.36667 1.82667 1.32667 1.28 1.66667 1.32 1.26 1.41333 1.69333 1.35333 1.26667 1.45333 1.69333 1.32 1.66 1.53333 1.94667 1.41333 1.48667 1.51333 1.82 1.43333 1.15333 1.6 1.61333 2.26667 1.9 1.92 1.22667 2 1.82667 1.91333 2.40667 2.01333 2.26 2.06 1.81333 1.88 2.13333 2.57333 2.14667 1.98667 2.2 2.42 2.11333 2.35333 2.12 1.82667 2.08 2.91333 2.15333 2.07333 1.65333 1.55333 1.96667 1.96 1.21333 1.56 1.94 1.56667 1.64667 1.68 1.44667 1.49333 1.79333 1.88667 2.34 1.71333 1.11333 1.76 1.72667 1.66667 1.97333 1.65333 1.53333 1.63333 1.56 1.77333 2.08 2.25333 2.50667 1.93333 1.69333 
vector 1818 9.8 10.8 10.8 12.4 15.6 14.2 12.4 13.4 15.4 19 17 17.4 14.2 13.8 20.6 17.2 16.2 19.8 17 26.6 14 17.8 18.8 22 22 24.8 24.6 19.8 23.2 20 18.4 16.6 16.2 18.4 15.2 19.8 14.8 18.8 19.6 14.6 17.4 20.6 29 19.4 15.2 15 17.6 17.8 22.4 18.4 18.8 17.6 14.8 16 12.4 12.6 10.2 10.8 12 10.6 13.8 11 12 10 9.4 10.8 12.6 17 12.2 12 9.8 16.4 13 14.2 15.8 15.2 13.8 13 11.8 13.2 15.2 12.8 15.8 12.4 14.6 11.6 15 12.4 15.4 14.8 12.8 11 16 10 12.2 12.6 9.2 11.8 12.4 13.6 10.8 9.8 10.8 10 9 10.6 8.8 9.2 8.6 12.4 11 8.6 9 9 8.4 9.6 10 8 7 8.4 7.6 7.6 10.8 10 7.8 9.6 10.2 9.4 9.8 10.8 13.2 12 10 10.6 13.2 12.8 9.2 11.8 9.4 8.8 11.2 12.8 9.8 8.6 10.4 12.2 11.2 12.2 8.4 9.2 8.4 11.4 11.2 11 10.4 13.4 8.6 7.4 10.2 10.8 8.4 7.8 10.2 10.4 8.8 7.2 10 9.2 7 9.4 6.4 10.6 10.2 9.2 10 9.2 12.2 7.8 10.6 12.2 9 11 10 9.8 7.8 7.6 8 8 9.6 10 9.4 12.4 8.8 9.6 10.8 7.4 8.4 9.2 10.4 10 8.2 11.6 11.4 11.4 9.8 10 8.8 10.6 12 10.4 9.6 8.8 9.6 9.6 8.8 11.4 9.2 8.8 9 8.4 9.8 7.2 6.6 7.4 8.6 7.8 7.4 6.8 5.8 8.2 8.2 7.8 7.4 8.8 8 7 8.4 8 7 7.2 8 8.6 8.2 8 8.2 6.8 7.4 6.2 8 7.4 6 6.6 8.4 7.6 5.2 5.8 6 6.6 6.4 5.4 5 6.6 5.6 6.4 6.2 4.6 4.4 7.4 5.4 7.4 6.6 5.6 7.2 5.8 7 6.8 6.8 5.6 9.2 6.6 5.2 5.6 5.6 5.4 4.2 6 7.2 6.2 7.2 5.6 6.2 5.8 6 7.4 5.2 6 5 5.8 6.8 5.6 4.8 5.2 5.6 7.2 4.6 5 6 4.8 6.8 5.4 6.8 6.6 6.6 6.6 6.4 5.8 6.4 7.8 4.8 7.8 6 6.4 5.8 5.6 7.2 7.2 6.2 5.4 5.4 6.6 7.8 4.6 5.6 5.6 3.8 5.8 7 5.6 5.8 5.2 6.8 6 6.8 4.8 8 6 6 7 8.4 4.4 5.8 4.8 6 6.4 7.2 6.2 4.8 5.2 6.8 6 5.2 4.4 7.6 5 5.4 4.8 4.6 5 4.2 5.4 4.2 3.4 5 6 4.4 7.2 6.2 6 6.6 5.4 5 4 6.2 5.4 4.4 4.6 4.4 5.8 5.6 4.6 4.8 4.8 4.6 5.8 5.6 4.6 3.8 6.4 5.6 4.8 4.8 3.4 4.4 4 3.2 4 3.6 4.6 3.6 3.6 2.8 4.4 3.4 4.6 3.6 2.4 3.2 2.8 3.4 5.2 4.8 3.4 4.2 5 3.6 4.6 3.8 3 5.4 5.4 3.8 4.4 6.2 5.2 4.8 4 3.8 4 5.6 5.6 5.2 5 4 4.2 4.2 4 3.6 5.4 4 4 4.2 3.6 4 3.4 2.8 4.8 4 2.6 3 4.2 4.2 3.8 4.8 3.6 3.8 3.6 3.8 5.4 5.4 5.4 3.4 3 5.4 6.2 4.6 5.4 5.2 4.8 3.8 5 5.4 5.4 4.8 5.2 6.8 8.6 4.8 5.8 5 3.6 6.6 7.4 5.8 5.6 5.6 4.8 6 6.4 5.4 5.4 5.6 4.4 5.8 6.6 9 7.6 7.2 6.6 6 7.6 4.4 4 6.6 5.4 6.2 4 4.6 6.2 4.8 3.4 4.8 3.2 3.4 4.2 4.2 3.2 4.6 5 6.8 5.8 4.4 4.8 3.4 5 5.6 4.6 3.4 4.2 4 4.2 4.6 3.6 4.2 4.2 3.6 4.6 3.8 5.2 5 3.8 3.4 3.6 4.8 5.2 4.8 5.8 4.6 7.2 6 4.8 4.4 5.6 5.6 4.4 4.4 5.2 5.4 5.6 3.6 6.2 4.8 7 2.8 4.4 4 5 4 5.4 5.4 4.8 5.6 5.8 6.4 6 5.4 6.6 5.6 5.8 6.2 7.2 7.2 8.4 7.2 5.4 7 7.6 4.8 5.6 7.4 5.2 7 6.4 4.6 5.2 4.4 5.8 6.2 6 5.6 6.6 7 6.8 6.4 4.4 7 5.8 7.6 6.8 4.2 5.2 4.4 4.8 4.8 4.6 4.6 5.4 5.2 5.6 6.4 5.8 6.8 4.6 6 5.2 5.4 5.2 5 4.8 8.4 6.4 6 5.4 6.2 6.6 6 5.6 4.8 6.2 6.6 5 6 5.2 4.2 6.8 5 5 5.8 5 5.2 6.8 5.6 6.2 7.8 5.8 5.6 6.8 4.8 5.2 5.6 6.6 6.6 6.4 5.4 7.2 5.2 5 5.6 8 5.4 4.6 4.4 6.6 4 5.6 5.4 4.2 5 4.4 2.8 3.2 4 3.8 4.6 4.6 5.4 3.6 3 5.6 4.4 5.6 4.6 3.8 5.6 4.6 5.4 5.8 6.4 6.8 3.8 3.6 3.4 5.6 5 5.4 7.8 5.6 5.2 6.2 3.8 4.6 4.6 3.6 4.8 6.4 5.6 6.4 7.4 6.2 5.4 4.4 6 5.6 4.4 5.8 5.4 6.2 4.4 6.2 5.6 7.4 4.6 4.4 5 5.8 4.4 4.6 5 5.6 3.4 5.8 6.4 7 4.2 5.4 5.4 5.6 4.2 6 4.6 5.6 6.2 5.2 5 8 6.2 5.2 5 6.6 6.6 4.4 3.6 4.8 4.4 6 4.2 5 5.8 5.4 5.8 5.4 6 4 5.8 4.4 4.6 6.8 5 5 5 8.2 3.8 6 5.4 5.8 9 6 5 7.2 6.4 6.6 5.6 5.4 6 6.8 6.6 5.2 7 4.6 5.8 4.8 5.6 6.2 5.4 5.8 5.6 5.8 6.4 5.2 6.8 5.8 5.8 6 5.8 4.2 5.2 5.6 7 6 6 6.4 5 4 6.4 4.6 5.4 5 7.6 5.6 6.6 3.8 5.8 5.6 4 5.6 6 4 6 6.2 4.4 5.4 6.8 6 4.2 4.4 5.8 7 6 5.2 5.2 3.8 5 5 3.2 4.6 4.8 5.2 4.6 4.8 3 6.6 4.6 5.4 5.6 3.8 4 4.6 5 5.4 5 7 7.8 5.4 4 5.4 5.2 4 6 5.2 5 5.6 6.2 6.6 4.8 3.6 4.2 5.4 5.2 5.2 5.8 5.4 5.6 3.6 4.8 4 5.6 5.8 6 4.2 6 4.4 4.6 5 6.6 4.4 7.2 4 4.4 4.4 3.8 6.2 4.8 8.6 7 5.2 6.4 7.4 6.2 5.6 6 4.6 4.8 4.2 4.6 5 5 5.2 4 5.8 3.4 3.8 5.2 3.4 5.2 4.2 4.8 4.4 5 3.6 6.2 4.2 4.2 3.8 4.8 4.6 6.2 5 5.2 4.8 6.8 4.6 6.4 5.2 5.2 7.2 6.8 6 5.2 4.4 4.4 6.2 5.6 5.4 6.4 6.6 5.6 4.8 5.6 5 4.6 5.6 5 6 5.6 5.4 7.6 5.2 6.4 5.6 4.6 5.4 7 6.6 6.2 5 5.2 5.4 4.6 5.6 5.2 5.2 4.4 6.2 4.6 5.4 5.4 5.6 5.4 5.8 5.4 5.8 5.4 4.8 6.8 4 4.4 5 5.8 5.8 4.4 6 5.4 4.2 4.8 5.2 5.8 4.8 6.4 5.8 7.2 6 5.6 7.2 5 4.6 6.6 5.2 8 5.4 5.6 5.8 8 6 5.8 6 5.2 7.8 4 5.4 6.4 5.8 6 4.8 6 5 4.6 5.8 5 7 5 9.6 6.2 5.4 7.8 7.6 7.2 10.4 6.4 7.8 7.4 7.2 6.6 7 6.4 6.2 5.6 6.4 10.8 5.8 7 5.6 6.8 10.4 6.6 5 5.4 7.4 5.4 4.6 5 5.8 5 4.8 6.8 4.4 5.4 6 5.8 7.8 4.8 4.8 4.8 5.8 4.2 7.6 5.6 5.8 4.8 4.4 5.6 5.4 6.8 4.6 5.6 7.8 5 5.2 7.6 3.8 5.2 5 5.8 9.6 7.4 7 8.6 5.8 5.4 5.6 6.2 5.4 5.6 5.8 6.4 5.2 5 7.6 6 8.8 5 7 8.6 5.8 5.6 7.4 5.4 6 7.4 5.2 5 4.2 4.6 4 3.4 3.8 4.4 5.4 3.8 4.2 5.4 5.8 3 4 4.2 5.8 5.4 4 5.8 3.6 4.8 5 7.2 4.2 5.2 3.6 2.8 4.6 3.8 3.8 5.6 4.6 2.4 5.2 3.8 3.4 3.8 4.4 4.8 3.6 3.6 5.6 5.2 3.8 3 4.4 4.6 5.8 4.4 6.4 4.6 6.2 5 4.4 3.4 4 3 4 3.8 4.8 3.8 5.6 5.4 5.6 3.4 3.8 5.4 5 4 5.6 6.4 5.6 4.4 4.2 5.8 5 4.6 5.8 7 5.4 6.2 6.6 4.6 6.2 7.2 5 7 4.4 6.2 5.8 6.4 4.8 7.2 5.2 6.2 5.6 4.6 5.6 5.6 5.8 4.4 4.8 4.6 5 5 5.2 8 4.2 5.8 5 5.4 5.4 5.8 6.2 5 4.4 4.4 5.6 5.8 7.4 4.4 6.8 5.2 4.2 6.2 5.8 6.8 6.2 6 6 7 4.8 4.8 5.6 5.2 4.4 7.2 5.8 6.8 5.2 5.4 6.4 5.2 4.8 4.8 4 3.8 6.4 6 5 5 7 4.8 6.6 4.6 4.8 5 5.4 3.8 5.6 5.2 5.4 5 5.2 6 4.2 4.4 3.8 5 3.6 4.6 4.2 5.4 3.8 7.8 4.4 6.2 5.8 5.6 4.8 4 5.8 4.4 4 5.2 4 5 5 4.8 6.8 7.4 9 4.6 5 4.8 5.4 4.6 3.8 4.6 3.6 5.8 3.6 3 5.8 5.2 4.4 8.2 5 4.6 3.6 4.2 3.8 4 5.6 3.8 6.2 6 4.6 4.8 4.2 4.6 3.8 4.8 4.4 4.6 8 4.4 5.2 6 3.8 4 6.6 4 4.6 4 4 5.6 5.2 4.2 3.8 4.4 3.8 3.8 5.4 4 4.8 2.8 4.2 6.6 4 4.6 3.4 3 6.2 3.8 3.2 4 5.4 3.6 3.2 4.6 3.6 3.6 4 7 4.8 5.4 4.8 5.2 3.8 5 5.2 5.2 6 4.6 3.4 3.8 3.8 4.4 4.2 4 3.8 4.6 4 4.4 4.4 4.6 6.8 4.4 5.6 4.8 4.4 3.6 3.6 3.6 3.6 3.2 4.2 4.8 2.8 4 4.4 4.2 5 5 4.2 4.6 4.8 4.4 4.4 4.4 4.6 5.4 4.8 4.4 3.8 5.4 4.8 4.4 3.8 4 5.6 5.8 5.2 4.8 3.4 5.2 3.8 5.2 4.4 4.2 4.4 4.2 4.2 6.8 4 5.4 4.8 4.8 4.6 5.4 4.8 6 5.8 4.4 5.6 7.2 4.4 5.6 5.8 6.8 6.2 5.4 5.8 5.6 7.2 4 4.4 6.4 6 4.8 5.8 6.4 4.2 4.8 4.2 5.2 3.6 2.8 2.2 3.8 3 4.4 3.8 3.8 4.2 4.6 3.4 4.4 4.8 5.6 3.4 4.8 3.8 5 5 5.2 4.4 4.4 3.8 4 5 3.2 4 4 4.8 4.6 4.6 3.6 4.4 3.4 4 3.8 4 5 5.2 4.8 6.2 4.4 6.8 5.4 6 4.6 5 4 4.6 5.4 4.8 4.2 5 5.4 5.2 3.8 3.6 6 4.4 3.6 4 4.4 5.4 5.4 5 5.4 4.4 4.2 4.2 4 4.4 4 5.6 4.2 4.8 5.4 4 4.4 4 4.8 4.2 6.4 5 5.2 5.2 6 4.6 5.8 5.8 6 5.4 5.6 7.2 4.4 8 5.8 5 4.2 4.8 5.8 7.8 5.6 4 10.4 4.6 7.8 9.2 5.2 5.8 4.8 5 5.4 4.8 6.4 4.6 4.6 5.8 5.4 6.6 5.2 6 4.2 5 4.2 4.4 6.8 4 6.8 6.8 5.8 5.6 6 7.4 5.2 6.2 5.4 4.8 5.4 7 6 5.2 7.8 6.2 5.4 8.6 7.4 5.8 4.6 5.4 7 5.8 9 7.8 6 6.8 7.2 7.4 5.4 5.6 5.8 4 5 4.8 4.4 4.6 5.8 4.8 4.2 4.2 7.4 4.6 5 5 4 3.8 4.2 7.6 3.4 6 3.6 4.4 4.2 4.6 4 5.2 3.6 4.6 5.6 5.2 4.4 6 4.6 5.6 3.8 5.2 5 4.2 3.8 3.6 4.8 4 4.2 4.2 3.4 4 4.8 4.2 2.6 6.4 4.6 3.2 4 3.8 4.6 3.6 4 2.8 4 3.8 5.2 3.8 3.8 3.2 4.4 3.4 3.8 3 4.2 3.8 3.8 4 3.6 4.4 3.4 4.4 4.6 3.8 3.6 5.2 4.6 4.2 5 3.4 3.8 5.8 6.4 4.6 5.2 3.4 4.4 5.4 6.2 7.8 6 6 5.2 4 4.2 4.6 5.8 4 6.4 5 6 4.8 6 4.2 4.6 5.2 6.4 5.6 5.4 4.6 4.6 4.6 6 3.6 5 4.6 4.4 3.8 4.4 2.6 4 3.8 4.2 8 5.4 3.2 5 4.4 4.2 5.6 4.8 4.4 3.6 3.4 5.2 4.6 4.8 5 4.4 4 29
vector 22 -1.13769 -2.87273 1.01614 -2.0536 1.65365 -0.00743532 -1.0866 -1.34746 -0.590764 0.658688 0.781754 -0.417263 -2.66309 3.05079 0.961002 3.77633 -1.09512 2.35483 -0.776438 -2.66806 1.12582 0.428307 vector 22 -5.87178 -5.79372 0.246129 -2.04284 11.6412 -0.709473 6.05068 -3.60309 -9.02233 8.69855 -4.81086 -2.69676 -16.2193 12.4019 -6.22437 21.3627 -4.52554 7.78498 5.04049 -3.08101 11.1959 9.28182 30
vector 22 -5.87178 -5.79372 0.246129 -2.04284 11.6412 -0.709473 6.05068 -4.50737 -9.02233 8.69855 -5.79812 -4.52 -15.121 9.27031 -4.18394 20.9962 -3.52033 7.04782 5.18878 -3.08101 11.1959 8.85562 vector 22 -6.58619 -5.79372 -1.08935 -2.04284 12.1778 -0.709473 3.47287 -3.44573 -9.60009 9.94539 -5.62632 -1.50954 -12.8583 11.6894 -6.64439 21.6947 -4.48086 7.82547 8.95708 -4.12859 12.5976 11.1154 vector 22 -5.87178 -5.41563 0.246129 -2.04284 11.6412 -0.709473 6.05068 -3.60309 -9.02233 8.69855 -6.36013 -4.52 -14.3476 8.84483 -4.40637 21.0211 -3.52033 6.92171 5.18878 -4.12859 12.5976 11.1154 vector 22 -5.87178 -5.79372 0.246129 -2.04284 11.6412 -0.709473 6.05068 -3.60309 -9.02233 8.69855 -4.81086 -2.69676 -16.2193 12.4019 -6.22437 21.3627 -4.70845 7.78498 5.04049 -3.08101 11.1959 9.28182 vector 22 -6.13802 -4.76736 -1.95713 -2.40809 11.319 -0.742478 6.05068 -3.60309 -9.04305 9.49593 -6.36013 -4.52 -15.3411 8.84483 -4.40637 21.6288 -3.52033 7.04782 5.18878 -4.12859 12.5976 11.1154 vector 22 -6.58619 -5.79372 -1.08935 -2.04284 12.1778 -0.709473 3.47287 -3.44573 -9.60009 9.94539 -5.62632 -1.50954 -12.8583 11.6894 -6.22437 21.692 -4.48086 7.82547 8.15982 -3.08101 11.8007 8.85562 vector 22 -5.87178 -5.79372 0.246129 -2.04284 11.0621 -0.709473 6.05068 -3.60309 -9.02233 8.69855 -6.36013 -4.52 -14.3476 8.84483 -4.40637 21.3245 -3.52033 6.92171 5.18878 -4.11801 11.8038 11.1154 vector 22 -5.87178 -5.6214 0.246129 -2.04284 11.6412 -0.709473 6.05068 -3.60309 -9.68708 8.24316 -4.81086 -2.97324 -16.2193 12.4019 -5.84332 21.3627 -4.52554 7.78498 5.04049 -3.08101 11.1959 9.28182 vector 22 -5.80937 -5.20945 -0.471922 -3.84533 11.6412 -0.709473 6.86814 -3.60309 -9.02233 8.69855 -6.42923 -4.52 -15.121 9.04607 -4.40405 20.9962 -3.52033 7.04782 5.18878 -4.12859 12.5976 11.1154 vector 22 -5.87178 -5.79372 0.246129 -2.04284 12.0413 0.0907935 4.05893 -3.44573 -9.60009 10.6975 -7.26555 -4.52 -13.597 9.28266 -4.30431 21.5534 -3.18857 6.92171 6.79036 -3.79867 11.1959 9.50528 vector 22 -6.13802 -4.76736 -2.65155 -2.40809 12.299 -0.742478 6.05068 -3.61607 -9.58582 8.69855 -6.36013 -4.67895 -15.0989 9.83634 -5.01295 21.0781 -5.82354 8.39369 7.34479 -3.95213 11.1959 9.13113 vector 22 -5.87178 -5.79372 0.246129 -2.04284 11.6412 -0.709473 6.8548 -3.60309 -9.02233 9.59124 -6.36013 -4.52 -15.121 8.84483 -4.40405 20.9962 -3.52033 7.04782 5.18878 -4.12859 12.5976 11.1154 vector 22 -6.53244 -5.20945 0.310036 -3.84533 12.0413 -0.444843 4.05893 -3.44573 -9.60009 9.97675 -7.26555 -4.88195 -13.597 10.0837 -4.72831 21.5534 -4.06956 6.92171 7.02688 -4.59931 11.453 8.85562 vector 22 -7.48177 -5.79372 -1.08935 -2.04284 12.1778 -0.709473 3.47287 -3.44573 -9.60009 9.8647 -5.62632 -1.50954 -12.8583 11.6894 -6.22437 21.6947 -4.48086 7.82547 8.15982 -3.08101 11.1959 9.50528 vector 22 -5.87178 -5.6214 0.246129 -2.04284 11.6412 -0.709473 6.05068 -3.60309 -9.02233 8.69855 -6.36013 -4.52 -16.3458 11.3363 -5.27988 21.3627 -4.52554 7.30228 7.34479 -3.08101 12.4493 8.72367 vector 22 -6.58619 -5.79372 -0.586535 -2.04284 12.7059 0.951281 2.39284 -2.9261 -9.04305 9.36425 -3.99513 -2.90527 -14.3476 8.84483 -4.40637 21.0211 -3.52033 6.92171 5.18878 -4.12859 12.5976 10.5617 vector 22 -5.87178 -5.79372 0.246129 -2.04284 11.6412 -0.709473 6.05068 -3.60309 -8.21961 8.69855 -4.81086 -2.69676 -16.2193 12.4019 -6.22437 20.6232 -4.52554 7.78498 5.04049 -3.08101 11.1959 8.85562 vector 22 -6.58619 -5.57366 -1.08935 -2.04284 12.1778 -0.709473 3.47287 -3.44573 -9.50056 9.94539 -5.62632 -1.50954 -11.9385 11.6894 -6.22437 21.6947 -4.48086 7.82547 8.15982 -3.08101 11.1959 9.28182 vector 22 -6.13802 -5.26985 -1.95713 -3.3394 11.319 -0.742478 6.05068 -3.60309 -9.04305 9.49593 -6.36013 -4.52 -15.121 8.84483 -4.40637 21.6288 -3.52033 7.04782 5.18878 -4.12859 12.5976 11.1154 vector 22 -6.13802 -4.76736 -1.95713 -2.40809 11.319 -0.742478 6.05068 -3.60309 -9.04305 9.07416 -6.36013 -4.52 -15.121 8.84483 -4.40637 21.6288 -3.52033 7.04782 5.18878 -4.12859 12.5976 11.1154 vector 22 -7.24862 -6.20391 -0.471922 -4.28252 12.0413 -0.444843 4.05893 -3.44573 -9.60009 10.5735 -6.46304 -4.52 -13.597 10.0837 -4.72831 21.5534 -4.06956 7.0881 7.02688 -4.66898 11.1959 8.85562 vector 22 -6.58619 -5.79372 -0.586535 -2.04284 11.747 0.951281 1.77431 -2.9261 -9.04305 9.16145 -3.99513 -2.90527 -15.9228 11.3363 -5.27988 21.3627 -4.52554 6.95341 7.34479 -3.08101 13.3107 8.72367 vector 22 -5.6306 -5.79372 -0.0736282 -3.23516 11.9468 -0.444843 4.04371 -3.76801 -9.04305 8.70653 -6.37842 -2.00171 -12.8583 11.4905 -6.22437 21.5982 -4.48086 7.82547 8.15982 -3.08101 11.1959 9.7218 vector 22 -5.6306 -5.79372 -0.0736282 -3.23516 11.9468 -0.444843 3.18354 -2.66626 -9.04305 9.22408 -6.81702 -2.00171 -12.8583 11.4905 -6.08509 21.5982 -4.48086 7.82547 8.06896 -3.08101 11.1959 9.7218 vector 22 -6.53244 -5.20945 0.310036 -3.84533 12.0556 -0.114097 4.05893 -3.44573 -9.60009 11.0972 -7.26555 -4.88195 -13.597 10.0837 -4.72831 21.5534 -4.06956 6.92171 7.02688 -3.79867 11.453 9.50528 vector 22 -6.53244 -2.25824 -0.542666 -5.83348 12.9805 0.221789 5.39072 -3.31952 -9.86909 8.69855 -6.02136 -2.00171 -12.8583 11.4905 -5.6019 21.3779 -4.48086 7.36749 7.74881 -2.94086 11.1959 9.19028 vector 22 -5.6306 -5.79372 0.246129 -3.23516 11.9468 -0.444843 3.18354 -2.9261 -9.04305 9.22408 -6.37842 -1.00789 -12.8583 11.4905 -6.0078 21.5982 -4.06651 7.82547 8.15982 -2.18135 11.1959 8.85562 vector 22 -6.58619 -5.79372 -1.08935 -2.04284 12.1778 -0.709473 3.47287 -3.44573 -9.60009 9.94539 -5.62632 -1.50954 -12.8583 11.6894 -6.22437 21.6947 -4.48086 6.9633 8.15982 -3.08101 11.1959 8.88257 vector 22 -5.87178 -5.20737 0.246129 -2.04284 11.6412 -0.709473 6.05068 -3.60309 -8.51525 8.69855 -4.81086 -2.69676 -16.2193 13.3114 -6.22437 21.3627 -4.52554 7.78498 5.04049 -3.08101 11.1959 9.24598 vector 22 -5.87178 -6.2749 1.03257 -2.04284 11.6412 -0.709473 6.05068 -3.60309 -9.02233 8.69855 -4.81086 -2.69676 -16.2193 12.4019 -6.22437 21.3627 -4.52554 7.78498 5.04049 -3.08101 11.1959 9.28182 
